#     Ultrasoft pseudopotential             : O 
#              by  GGA (PBE)  / scalar relativistic atomic calculation.
#
#     ---- valence electron configuration for constructing pp. ----
#      2S        2P    
#      2.0000    4.0000
#     --------------------
#C 1566 (0.1598945840E+01 )   : R_cut_local-V
#L  0.1200000000E+03          : 1 / logarithmic mesh
#Z  0.6000000000E+01          : core charge         
#  r [ bohr ]        local potential 
  0.346664911165126E-05 -0.200000000002050E+01
  0.349565855906737E-05 -0.200000000002084E+01
  0.352491076195491E-05 -0.200000000002119E+01
  0.355440775172862E-05 -0.200000000002155E+01
  0.358415157680241E-05 -0.200000000002191E+01
  0.361414430273166E-05 -0.200000000002228E+01
  0.364438801235659E-05 -0.200000000002265E+01
  0.367488480594699E-05 -0.200000000002303E+01
  0.370563680134799E-05 -0.200000000002342E+01
  0.373664613412718E-05 -0.200000000002382E+01
  0.376791495772293E-05 -0.200000000002422E+01
  0.379944544359387E-05 -0.200000000002462E+01
  0.383123978136975E-05 -0.200000000002504E+01
  0.386330017900348E-05 -0.200000000002546E+01
  0.389562886292444E-05 -0.200000000002588E+01
  0.392822807819312E-05 -0.200000000002632E+01
  0.396110008865700E-05 -0.200000000002676E+01
  0.399424717710782E-05 -0.200000000002721E+01
  0.402767164544002E-05 -0.200000000002767E+01
  0.406137581481068E-05 -0.200000000002813E+01
  0.409536202580066E-05 -0.200000000002861E+01
  0.412963263857716E-05 -0.200000000002909E+01
  0.416419003305761E-05 -0.200000000002958E+01
  0.419903660907497E-05 -0.200000000003007E+01
  0.423417478654436E-05 -0.200000000003058E+01
  0.426960700563109E-05 -0.200000000003109E+01
  0.430533572692020E-05 -0.200000000003162E+01
  0.434136343158722E-05 -0.200000000003215E+01
  0.437769262157059E-05 -0.200000000003269E+01
  0.441432581974531E-05 -0.200000000003324E+01
  0.445126557009820E-05 -0.200000000003380E+01
  0.448851443790455E-05 -0.200000000003436E+01
  0.452607500990626E-05 -0.200000000003494E+01
  0.456394989449148E-05 -0.200000000003553E+01
  0.460214172187575E-05 -0.200000000003613E+01
  0.464065314428465E-05 -0.200000000003673E+01
  0.467948683613799E-05 -0.200000000003735E+01
  0.471864549423553E-05 -0.200000000003798E+01
  0.475813183794428E-05 -0.200000000003862E+01
  0.479794860938730E-05 -0.200000000003926E+01
  0.483809857363416E-05 -0.200000000003992E+01
  0.487858451889296E-05 -0.200000000004060E+01
  0.491940925670396E-05 -0.200000000004128E+01
  0.496057562213478E-05 -0.200000000004197E+01
  0.500208647397735E-05 -0.200000000004268E+01
  0.504394469494641E-05 -0.200000000004339E+01
  0.508615319187966E-05 -0.200000000004412E+01
  0.512871489593970E-05 -0.200000000004487E+01
  0.517163276281753E-05 -0.200000000004562E+01
  0.521490977293781E-05 -0.200000000004639E+01
  0.525854893166585E-05 -0.200000000004717E+01
  0.530255326951634E-05 -0.200000000004796E+01
  0.534692584236375E-05 -0.200000000004876E+01
  0.539166973165458E-05 -0.200000000004958E+01
  0.543678804462135E-05 -0.200000000005042E+01
  0.548228391449837E-05 -0.200000000005126E+01
  0.552816050073933E-05 -0.200000000005213E+01
  0.557442098923671E-05 -0.200000000005300E+01
  0.562106859254304E-05 -0.200000000005389E+01
  0.566810655009394E-05 -0.200000000005480E+01
  0.571553812843315E-05 -0.200000000005572E+01
  0.576336662143934E-05 -0.200000000005666E+01
  0.581159535055487E-05 -0.200000000005761E+01
  0.586022766501640E-05 -0.200000000005858E+01
  0.590926694208755E-05 -0.200000000005956E+01
  0.595871658729338E-05 -0.200000000006056E+01
  0.600858003465689E-05 -0.200000000006158E+01
  0.605886074693752E-05 -0.200000000006261E+01
  0.610956221587162E-05 -0.200000000006367E+01
  0.616068796241490E-05 -0.200000000006474E+01
  0.621224153698698E-05 -0.200000000006582E+01
  0.626422651971791E-05 -0.200000000006693E+01
  0.631664652069683E-05 -0.200000000006806E+01
  0.636950518022267E-05 -0.200000000006920E+01
  0.642280616905689E-05 -0.200000000007036E+01
  0.647655318867849E-05 -0.200000000007154E+01
  0.653074997154098E-05 -0.200000000007275E+01
  0.658540028133161E-05 -0.200000000007397E+01
  0.664050791323276E-05 -0.200000000007521E+01
  0.669607669418545E-05 -0.200000000007648E+01
  0.675211048315513E-05 -0.200000000007776E+01
  0.680861317139967E-05 -0.200000000007907E+01
  0.686558868273957E-05 -0.200000000008040E+01
  0.692304097383046E-05 -0.200000000008175E+01
  0.698097403443787E-05 -0.200000000008312E+01
  0.703939188771428E-05 -0.200000000008452E+01
  0.709829859047854E-05 -0.200000000008594E+01
  0.715769823349757E-05 -0.200000000008739E+01
  0.721759494177045E-05 -0.200000000008885E+01
  0.727799287481489E-05 -0.200000000009035E+01
  0.733889622695606E-05 -0.200000000009187E+01
  0.740030922761788E-05 -0.200000000009341E+01
  0.746223614161676E-05 -0.200000000009498E+01
  0.752468126945772E-05 -0.200000000009658E+01
  0.758764894763307E-05 -0.200000000009820E+01
  0.765114354892354E-05 -0.200000000009985E+01
  0.771516948270196E-05 -0.200000000010153E+01
  0.777973119523946E-05 -0.200000000010323E+01
  0.784483317001425E-05 -0.200000000010497E+01
  0.791047992802296E-05 -0.200000000010673E+01
  0.797667602809461E-05 -0.200000000010853E+01
  0.804342606720720E-05 -0.200000000011035E+01
  0.811073468080693E-05 -0.200000000011220E+01
  0.817860654313014E-05 -0.200000000011409E+01
  0.824704636752788E-05 -0.200000000011601E+01
  0.831605890679323E-05 -0.200000000011796E+01
  0.838564895349137E-05 -0.200000000011994E+01
  0.845582134029240E-05 -0.200000000012196E+01
  0.852658094030695E-05 -0.200000000012401E+01
  0.859793266742455E-05 -0.200000000012609E+01
  0.866988147665494E-05 -0.200000000012821E+01
  0.874243236447212E-05 -0.200000000013036E+01
  0.881559036916133E-05 -0.200000000013255E+01
  0.888936057116898E-05 -0.200000000013478E+01
  0.896374809345540E-05 -0.200000000013705E+01
  0.903875810185064E-05 -0.200000000013935E+01
  0.911439580541322E-05 -0.200000000014169E+01
  0.919066645679184E-05 -0.200000000014407E+01
  0.926757535259015E-05 -0.200000000014650E+01
  0.934512783373461E-05 -0.200000000014896E+01
  0.942332928584535E-05 -0.200000000015146E+01
  0.950218513961020E-05 -0.200000000015401E+01
  0.958170087116180E-05 -0.200000000015659E+01
  0.966188200245791E-05 -0.200000000015923E+01
  0.974273410166487E-05 -0.200000000016190E+01
  0.982426278354429E-05 -0.200000000016462E+01
  0.990647370984294E-05 -0.200000000016739E+01
  0.998937258968598E-05 -0.200000000017020E+01
  0.100729651799734E-04 -0.200000000017306E+01
  0.101572572857797E-04 -0.200000000017597E+01
  0.102422547607573E-04 -0.200000000017893E+01
  0.103279635075428E-04 -0.200000000018194E+01
  0.104143894781668E-04 -0.200000000018499E+01
  0.105015386744678E-04 -0.200000000018810E+01
  0.105894171485081E-04 -0.200000000019127E+01
  0.106780310029950E-04 -0.200000000019448E+01
  0.107673863917039E-04 -0.200000000019775E+01
  0.108574895199061E-04 -0.200000000020107E+01
  0.109483466447994E-04 -0.200000000020445E+01
  0.110399640759430E-04 -0.200000000020789E+01
  0.111323481756952E-04 -0.200000000021138E+01
  0.112255053596557E-04 -0.200000000021493E+01
  0.113194420971108E-04 -0.200000000021855E+01
  0.114141649114828E-04 -0.200000000022222E+01
  0.115096803807830E-04 -0.200000000022595E+01
  0.116059951380685E-04 -0.200000000022975E+01
  0.117031158719027E-04 -0.200000000023361E+01
  0.118010493268202E-04 -0.200000000023754E+01
  0.118998023037946E-04 -0.200000000024153E+01
  0.119993816607113E-04 -0.200000000024559E+01
  0.120997943128434E-04 -0.200000000024972E+01
  0.122010472333321E-04 -0.200000000025391E+01
  0.123031474536708E-04 -0.200000000025818E+01
  0.124061020641938E-04 -0.200000000026252E+01
  0.125099182145681E-04 -0.200000000026693E+01
  0.126146031142903E-04 -0.200000000027142E+01
  0.127201640331872E-04 -0.200000000027598E+01
  0.128266083019207E-04 -0.200000000028062E+01
  0.129339433124964E-04 -0.200000000028533E+01
  0.130421765187779E-04 -0.200000000029013E+01
  0.131513154370034E-04 -0.200000000029501E+01
  0.132613676463084E-04 -0.200000000029996E+01
  0.133723407892516E-04 -0.200000000030500E+01
  0.134842425723459E-04 -0.200000000031013E+01
  0.135970807665935E-04 -0.200000000031534E+01
  0.137108632080253E-04 -0.200000000032064E+01
  0.138255977982455E-04 -0.200000000032603E+01
  0.139412925049802E-04 -0.200000000033151E+01
  0.140579553626304E-04 -0.200000000033708E+01
  0.141755944728304E-04 -0.200000000034275E+01
  0.142942180050101E-04 -0.200000000034851E+01
  0.144138341969624E-04 -0.200000000035436E+01
  0.145344513554155E-04 -0.200000000036032E+01
  0.146560778566094E-04 -0.200000000036638E+01
  0.147787221468777E-04 -0.200000000037253E+01
  0.149023927432343E-04 -0.200000000037879E+01
  0.150270982339648E-04 -0.200000000038516E+01
  0.151528472792229E-04 -0.200000000039163E+01
  0.152796486116317E-04 -0.200000000039822E+01
  0.154075110368901E-04 -0.200000000040491E+01
  0.155364434343847E-04 -0.200000000041171E+01
  0.156664547578060E-04 -0.200000000041863E+01
  0.157975540357704E-04 -0.200000000042567E+01
  0.159297503724471E-04 -0.200000000043282E+01
  0.160630529481904E-04 -0.200000000044010E+01
  0.161974710201771E-04 -0.200000000044749E+01
  0.163330139230497E-04 -0.200000000045501E+01
  0.164696910695641E-04 -0.200000000046266E+01
  0.166075119512439E-04 -0.200000000047044E+01
  0.167464861390389E-04 -0.200000000047834E+01
  0.168866232839903E-04 -0.200000000048638E+01
  0.170279331179005E-04 -0.200000000049456E+01
  0.171704254540093E-04 -0.200000000050287E+01
  0.173141101876751E-04 -0.200000000051132E+01
  0.174589972970621E-04 -0.200000000051991E+01
  0.176050968438333E-04 -0.200000000052865E+01
  0.177524189738493E-04 -0.200000000053754E+01
  0.179009739178729E-04 -0.200000000054657E+01
  0.180507719922792E-04 -0.200000000055575E+01
  0.182018235997725E-04 -0.200000000056510E+01
  0.183541392301085E-04 -0.200000000057459E+01
  0.185077294608227E-04 -0.200000000058425E+01
  0.186626049579651E-04 -0.200000000059407E+01
  0.188187764768408E-04 -0.200000000060405E+01
  0.189762548627570E-04 -0.200000000061420E+01
  0.191350510517758E-04 -0.200000000062453E+01
  0.192951760714743E-04 -0.200000000063502E+01
  0.194566410417099E-04 -0.200000000064570E+01
  0.196194571753926E-04 -0.200000000065655E+01
  0.197836357792638E-04 -0.200000000066758E+01
  0.199491882546814E-04 -0.200000000067880E+01
  0.201161260984116E-04 -0.200000000069021E+01
  0.202844609034273E-04 -0.200000000070181E+01
  0.204542043597132E-04 -0.200000000071360E+01
  0.206253682550775E-04 -0.200000000072560E+01
  0.207979644759706E-04 -0.200000000073779E+01
  0.209720050083106E-04 -0.200000000075019E+01
  0.211475019383155E-04 -0.200000000076280E+01
  0.213244674533426E-04 -0.200000000077562E+01
  0.215029138427349E-04 -0.200000000078865E+01
  0.216828534986745E-04 -0.200000000080191E+01
  0.218642989170432E-04 -0.200000000081539E+01
  0.220472626982901E-04 -0.200000000082909E+01
  0.222317575483070E-04 -0.200000000084302E+01
  0.224177962793103E-04 -0.200000000085719E+01
  0.226053918107311E-04 -0.200000000087160E+01
  0.227945571701123E-04 -0.200000000088625E+01
  0.229853054940131E-04 -0.200000000090114E+01
  0.231776500289217E-04 -0.200000000091629E+01
  0.233716041321747E-04 -0.200000000093168E+01
  0.235671812728849E-04 -0.200000000094734E+01
  0.237643950328769E-04 -0.200000000096326E+01
  0.239632591076299E-04 -0.200000000097945E+01
  0.241637873072290E-04 -0.200000000099591E+01
  0.243659935573243E-04 -0.200000000101265E+01
  0.245698919000977E-04 -0.200000000102967E+01
  0.247754964952382E-04 -0.200000000104698E+01
  0.249828216209254E-04 -0.200000000106457E+01
  0.251918816748208E-04 -0.200000000108246E+01
  0.254026911750677E-04 -0.200000000110066E+01
  0.256152647612995E-04 -0.200000000111915E+01
  0.258296171956561E-04 -0.200000000113796E+01
  0.260457633638094E-04 -0.200000000115709E+01
  0.262637182759969E-04 -0.200000000117653E+01
  0.264834970680640E-04 -0.200000000119631E+01
  0.267051150025150E-04 -0.200000000121641E+01
  0.269285874695734E-04 -0.200000000123686E+01
  0.271539299882504E-04 -0.200000000125764E+01
  0.273811582074224E-04 -0.200000000127878E+01
  0.276102879069183E-04 -0.200000000130027E+01
  0.278413349986148E-04 -0.200000000132212E+01
  0.280743155275418E-04 -0.200000000134434E+01
  0.283092456729961E-04 -0.200000000136694E+01
  0.285461417496658E-04 -0.200000000138991E+01
  0.287850202087623E-04 -0.200000000141327E+01
  0.290258976391637E-04 -0.200000000143702E+01
  0.292687907685660E-04 -0.200000000146117E+01
  0.295137164646453E-04 -0.200000000148573E+01
  0.297606917362289E-04 -0.200000000151070E+01
  0.300097337344765E-04 -0.200000000153609E+01
  0.302608597540716E-04 -0.200000000156190E+01
  0.305140872344219E-04 -0.200000000158815E+01
  0.307694337608708E-04 -0.200000000161485E+01
  0.310269170659188E-04 -0.200000000164199E+01
  0.312865550304542E-04 -0.200000000166958E+01
  0.315483656849957E-04 -0.200000000169764E+01
  0.318123672109440E-04 -0.200000000172617E+01
  0.320785779418443E-04 -0.200000000175518E+01
  0.323470163646601E-04 -0.200000000178468E+01
  0.326177011210564E-04 -0.200000000181467E+01
  0.328906510086944E-04 -0.200000000184517E+01
  0.331658849825372E-04 -0.200000000187618E+01
  0.334434221561657E-04 -0.200000000190771E+01
  0.337232818031064E-04 -0.200000000193978E+01
  0.340054833581695E-04 -0.200000000197238E+01
  0.342900464187984E-04 -0.200000000200553E+01
  0.345769907464314E-04 -0.200000000203923E+01
  0.348663362678730E-04 -0.200000000207350E+01
  0.351581030766786E-04 -0.200000000210835E+01
  0.354523114345493E-04 -0.200000000214378E+01
  0.357489817727395E-04 -0.200000000217981E+01
  0.360481346934750E-04 -0.200000000221645E+01
  0.363497909713845E-04 -0.200000000225370E+01
  0.366539715549420E-04 -0.200000000229157E+01
  0.369606975679211E-04 -0.200000000233009E+01
  0.372699903108629E-04 -0.200000000236925E+01
  0.375818712625543E-04 -0.200000000240907E+01
  0.378963620815200E-04 -0.200000000244955E+01
  0.382134846075267E-04 -0.200000000249072E+01
  0.385332608630994E-04 -0.200000000253258E+01
  0.388557130550511E-04 -0.200000000257514E+01
  0.391808635760247E-04 -0.200000000261842E+01
  0.395087350060481E-04 -0.200000000266243E+01
  0.398393501141024E-04 -0.200000000270718E+01
  0.401727318597029E-04 -0.200000000275267E+01
  0.405089033944939E-04 -0.200000000279894E+01
  0.408478880638558E-04 -0.200000000284598E+01
  0.411897094085269E-04 -0.200000000289381E+01
  0.415343911662380E-04 -0.200000000294244E+01
  0.418819572733607E-04 -0.200000000299189E+01
  0.422324318665700E-04 -0.200000000304217E+01
  0.425858392845200E-04 -0.200000000309330E+01
  0.429422040695348E-04 -0.200000000314529E+01
  0.433015509693119E-04 -0.200000000319815E+01
  0.436639049386416E-04 -0.200000000325190E+01
  0.440292911411397E-04 -0.200000000330655E+01
  0.443977349509947E-04 -0.200000000336212E+01
  0.447692619547306E-04 -0.200000000341863E+01
  0.451438979529828E-04 -0.200000000347608E+01
  0.455216689622908E-04 -0.200000000353450E+01
  0.459026012169043E-04 -0.200000000359390E+01
  0.462867211706051E-04 -0.200000000365430E+01
  0.466740554985444E-04 -0.200000000371572E+01
  0.470646310990950E-04 -0.200000000377817E+01
  0.474584750957196E-04 -0.200000000384167E+01
  0.478556148388539E-04 -0.200000000390623E+01
  0.482560779078064E-04 -0.200000000397188E+01
  0.486598921126733E-04 -0.200000000403863E+01
  0.490670854962701E-04 -0.200000000410651E+01
  0.494776863360788E-04 -0.200000000417552E+01
  0.498917231462114E-04 -0.200000000424570E+01
  0.503092246793907E-04 -0.200000000431705E+01
  0.507302199289465E-04 -0.200000000438961E+01
  0.511547381308292E-04 -0.200000000446338E+01
  0.515828087656400E-04 -0.200000000453839E+01
  0.520144615606785E-04 -0.200000000461467E+01
  0.524497264920067E-04 -0.200000000469222E+01
  0.528886337865308E-04 -0.200000000477108E+01
  0.533312139241004E-04 -0.200000000485126E+01
  0.537774976396252E-04 -0.200000000493280E+01
  0.542275159252092E-04 -0.200000000501570E+01
  0.546813000323031E-04 -0.200000000509999E+01
  0.551388814738745E-04 -0.200000000518571E+01
  0.556002920265963E-04 -0.200000000527286E+01
  0.560655637330533E-04 -0.200000000536148E+01
  0.565347289039678E-04 -0.200000000545158E+01
  0.570078201204430E-04 -0.200000000554320E+01
  0.574848702362256E-04 -0.200000000563636E+01
  0.579659123799877E-04 -0.200000000573109E+01
  0.584509799576270E-04 -0.200000000582741E+01
  0.589401066545868E-04 -0.200000000592535E+01
  0.594333264381956E-04 -0.200000000602493E+01
  0.599306735600253E-04 -0.200000000612619E+01
  0.604321825582704E-04 -0.200000000622915E+01
  0.609378882601462E-04 -0.200000000633384E+01
  0.614478257843075E-04 -0.200000000644028E+01
  0.619620305432873E-04 -0.200000000654852E+01
  0.624805382459560E-04 -0.200000000665858E+01
  0.630033849000014E-04 -0.200000000677048E+01
  0.635306068144290E-04 -0.200000000688427E+01
  0.640622406020836E-04 -0.200000000699997E+01
  0.645983231821919E-04 -0.200000000711761E+01
  0.651388917829263E-04 -0.200000000723724E+01
  0.656839839439903E-04 -0.200000000735887E+01
  0.662336375192251E-04 -0.200000000748254E+01
  0.667878906792388E-04 -0.200000000760830E+01
  0.673467819140570E-04 -0.200000000773616E+01
  0.679103500357956E-04 -0.200000000786618E+01
  0.684786341813562E-04 -0.200000000799838E+01
  0.690516738151438E-04 -0.200000000813281E+01
  0.696295087318079E-04 -0.200000000826949E+01
  0.702121790590055E-04 -0.200000000840847E+01
  0.707997252601877E-04 -0.200000000854978E+01
  0.713921881374104E-04 -0.200000000869347E+01
  0.719896088341670E-04 -0.200000000883958E+01
  0.725920288382459E-04 -0.200000000898814E+01
  0.731994899846117E-04 -0.200000000913920E+01
  0.738120344583104E-04 -0.200000000929279E+01
  0.744297047973989E-04 -0.200000000944897E+01
  0.750525438958989E-04 -0.200000000960777E+01
  0.756805950067758E-04 -0.200000000976925E+01
  0.763139017449427E-04 -0.200000000993343E+01
  0.769525080902885E-04 -0.200000001010038E+01
  0.775964583907329E-04 -0.200000001027013E+01
  0.782457973653053E-04 -0.200000001044273E+01
  0.789005701072513E-04 -0.200000001061823E+01
  0.795608220871631E-04 -0.200000001079669E+01
  0.802265991561381E-04 -0.200000001097814E+01
  0.808979475489625E-04 -0.200000001116264E+01
  0.815749138873223E-04 -0.200000001135024E+01
  0.822575451830408E-04 -0.200000001154100E+01
  0.829458888413434E-04 -0.200000001173496E+01
  0.836399926641498E-04 -0.200000001193218E+01
  0.843399048533931E-04 -0.200000001213272E+01
  0.850456740143679E-04 -0.200000001233663E+01
  0.857573491591051E-04 -0.200000001254396E+01
  0.864749797097756E-04 -0.200000001275478E+01
  0.871986155021229E-04 -0.200000001296914E+01
  0.879283067889233E-04 -0.200000001318710E+01
  0.886641042434761E-04 -0.200000001340873E+01
  0.894060589631225E-04 -0.200000001363408E+01
  0.901542224727939E-04 -0.200000001386322E+01
  0.909086467285903E-04 -0.200000001409621E+01
  0.916693841213882E-04 -0.200000001433312E+01
  0.924364874804789E-04 -0.200000001457400E+01
  0.932100100772373E-04 -0.200000001481894E+01
  0.939900056288213E-04 -0.200000001506799E+01
  0.947765283019021E-04 -0.200000001532123E+01
  0.955696327164258E-04 -0.200000001557872E+01
  0.963693739494066E-04 -0.200000001584054E+01
  0.971758075387517E-04 -0.200000001610676E+01
  0.979889894871175E-04 -0.200000001637746E+01
  0.988089762657996E-04 -0.200000001665270E+01
  0.996358248186539E-04 -0.200000001693257E+01
  0.100469592566051E-03 -0.200000001721715E+01
  0.101310337408864E-03 -0.200000001750651E+01
  0.102158117732489E-03 -0.200000001780073E+01
  0.103012992410901E-03 -0.200000001809989E+01
  0.103875020810740E-03 -0.200000001840408E+01
  0.104744262795436E-03 -0.200000001871339E+01
  0.105620778729365E-03 -0.200000001902789E+01
  0.106504629482041E-03 -0.200000001934768E+01
  0.107395876432345E-03 -0.200000001967285E+01
  0.108294581472783E-03 -0.200000002000347E+01
  0.109200807013789E-03 -0.200000002033966E+01
  0.110114615988056E-03 -0.200000002068149E+01
  0.111036071854909E-03 -0.200000002102907E+01
  0.111965238604708E-03 -0.200000002138250E+01
  0.112902180763295E-03 -0.200000002174186E+01
  0.113846963396475E-03 -0.200000002210726E+01
  0.114799652114532E-03 -0.200000002247880E+01
  0.115760313076789E-03 -0.200000002285659E+01
  0.116729012996197E-03 -0.200000002324072E+01
  0.117705819143974E-03 -0.200000002363131E+01
  0.118690799354273E-03 -0.200000002402847E+01
  0.119684022028893E-03 -0.200000002443230E+01
  0.120685556142031E-03 -0.200000002484292E+01
  0.121695471245067E-03 -0.200000002526043E+01
  0.122713837471403E-03 -0.200000002568497E+01
  0.123740725541324E-03 -0.200000002611664E+01
  0.124776206766913E-03 -0.200000002655556E+01
  0.125820353057007E-03 -0.200000002700187E+01
  0.126873236922183E-03 -0.200000002745567E+01
  0.127934931479799E-03 -0.200000002791710E+01
  0.129005510459071E-03 -0.200000002838628E+01
  0.130085048206192E-03 -0.200000002886335E+01
  0.131173619689495E-03 -0.200000002934844E+01
  0.132271300504658E-03 -0.200000002984168E+01
  0.133378166879958E-03 -0.200000003034321E+01
  0.134494295681560E-03 -0.200000003085316E+01
  0.135619764418856E-03 -0.200000003137169E+01
  0.136754651249852E-03 -0.200000003189893E+01
  0.137899034986587E-03 -0.200000003243504E+01
  0.139052995100614E-03 -0.200000003298015E+01
  0.140216611728518E-03 -0.200000003353443E+01
  0.141389965677475E-03 -0.200000003409802E+01
  0.142573138430869E-03 -0.200000003467108E+01
  0.143766212153952E-03 -0.200000003525378E+01
  0.144969269699545E-03 -0.200000003584626E+01
  0.146182394613793E-03 -0.200000003644871E+01
  0.147405671141970E-03 -0.200000003706127E+01
  0.148639184234327E-03 -0.200000003768414E+01
  0.149883019551991E-03 -0.200000003831747E+01
  0.151137263472914E-03 -0.200000003896145E+01
  0.152402003097872E-03 -0.200000003961625E+01
  0.153677326256515E-03 -0.200000004028205E+01
  0.154963321513463E-03 -0.200000004095904E+01
  0.156260078174459E-03 -0.200000004164741E+01
  0.157567686292570E-03 -0.200000004234735E+01
  0.158886236674442E-03 -0.200000004305906E+01
  0.160215820886602E-03 -0.200000004378272E+01
  0.161556531261822E-03 -0.200000004451855E+01
  0.162908460905528E-03 -0.200000004526674E+01
  0.164271703702267E-03 -0.200000004602751E+01
  0.165646354322224E-03 -0.200000004680106E+01
  0.167032508227801E-03 -0.200000004758762E+01
  0.168430261680243E-03 -0.200000004838739E+01
  0.169839711746323E-03 -0.200000004920061E+01
  0.171260956305085E-03 -0.200000005002749E+01
  0.172694094054639E-03 -0.200000005086827E+01
  0.174139224519016E-03 -0.200000005172318E+01
  0.175596448055078E-03 -0.200000005259245E+01
  0.177065865859490E-03 -0.200000005347634E+01
  0.178547579975745E-03 -0.200000005437508E+01
  0.180041693301253E-03 -0.200000005528892E+01
  0.181548309594485E-03 -0.200000005621813E+01
  0.183067533482176E-03 -0.200000005716295E+01
  0.184599470466597E-03 -0.200000005812365E+01
  0.186144226932876E-03 -0.200000005910049E+01
  0.187701910156387E-03 -0.200000006009376E+01
  0.189272628310205E-03 -0.200000006110371E+01
  0.190856490472608E-03 -0.200000006213064E+01
  0.192453606634662E-03 -0.200000006317483E+01
  0.194064087707853E-03 -0.200000006423657E+01
  0.195688045531792E-03 -0.200000006531615E+01
  0.197325592881979E-03 -0.200000006641387E+01
  0.198976843477641E-03 -0.200000006753005E+01
  0.200641911989619E-03 -0.200000006866498E+01
  0.202320914048341E-03 -0.200000006981898E+01
  0.204013966251847E-03 -0.200000007099239E+01
  0.205721186173888E-03 -0.200000007218551E+01
  0.207442692372088E-03 -0.200000007339868E+01
  0.209178604396180E-03 -0.200000007463224E+01
  0.210929042796308E-03 -0.200000007588654E+01
  0.212694129131399E-03 -0.200000007716191E+01
  0.214473985977601E-03 -0.200000007845872E+01
  0.216268736936799E-03 -0.200000007977732E+01
  0.218078506645199E-03 -0.200000008111809E+01
  0.219903420781979E-03 -0.200000008248138E+01
  0.221743606078020E-03 -0.200000008386759E+01
  0.223599190324709E-03 -0.200000008527710E+01
  0.225470302382809E-03 -0.200000008671030E+01
  0.227357072191407E-03 -0.200000008816758E+01
  0.229259630776944E-03 -0.200000008964935E+01
  0.231178110262309E-03 -0.200000009115603E+01
  0.233112643876014E-03 -0.200000009268803E+01
  0.235063365961449E-03 -0.200000009424577E+01
  0.237030411986209E-03 -0.200000009582970E+01
  0.239013918551503E-03 -0.200000009744024E+01
  0.241014023401641E-03 -0.200000009907786E+01
  0.243030865433595E-03 -0.200000010074299E+01
  0.245064584706651E-03 -0.200000010243611E+01
  0.247115322452131E-03 -0.200000010415769E+01
  0.249183221083203E-03 -0.200000010590819E+01
  0.251268424204769E-03 -0.200000010768812E+01
  0.253371076623440E-03 -0.200000010949796E+01
  0.255491324357589E-03 -0.200000011133822E+01
  0.257629314647496E-03 -0.200000011320941E+01
  0.259785195965566E-03 -0.200000011511205E+01
  0.261959118026648E-03 -0.200000011704666E+01
  0.264151231798423E-03 -0.200000011901378E+01
  0.266361689511897E-03 -0.200000012101397E+01
  0.268590644671965E-03 -0.200000012304777E+01
  0.270838252068077E-03 -0.200000012511575E+01
  0.273104667784981E-03 -0.200000012721849E+01
  0.275390049213570E-03 -0.200000012935656E+01
  0.277694555061806E-03 -0.200000013153057E+01
  0.280018345365742E-03 -0.200000013374112E+01
  0.282361581500640E-03 -0.200000013598881E+01
  0.284724426192173E-03 -0.200000013827429E+01
  0.287107043527727E-03 -0.200000014059817E+01
  0.289509598967797E-03 -0.200000014296111E+01
  0.291932259357477E-03 -0.200000014536376E+01
  0.294375192938044E-03 -0.200000014780679E+01
  0.296838569358646E-03 -0.200000015029088E+01
  0.299322559688080E-03 -0.200000015281672E+01
  0.301827336426672E-03 -0.200000015538501E+01
  0.304353073518259E-03 -0.200000015799646E+01
  0.306899946362264E-03 -0.200000016065180E+01
  0.309468131825881E-03 -0.200000016335177E+01
  0.312057808256354E-03 -0.200000016609711E+01
  0.314669155493366E-03 -0.200000016888860E+01
  0.317302354881523E-03 -0.200000017172699E+01
  0.319957589282953E-03 -0.200000017461309E+01
  0.322635043090001E-03 -0.200000017754770E+01
  0.325334902238034E-03 -0.200000018053162E+01
  0.328057354218357E-03 -0.200000018356570E+01
  0.330802588091228E-03 -0.200000018665077E+01
  0.333570794498993E-03 -0.200000018978768E+01
  0.336362165679320E-03 -0.200000019297731E+01
  0.339176895478551E-03 -0.200000019622055E+01
  0.342015179365165E-03 -0.200000019951830E+01
  0.344877214443350E-03 -0.200000020287147E+01
  0.347763199466692E-03 -0.200000020628100E+01
  0.350673334851978E-03 -0.200000020974782E+01
  0.353607822693112E-03 -0.200000021327292E+01
  0.356566866775152E-03 -0.200000021685725E+01
  0.359550672588459E-03 -0.200000022050183E+01
  0.362559447342969E-03 -0.200000022420765E+01
  0.365593399982583E-03 -0.200000022797576E+01
  0.368652741199676E-03 -0.200000023180720E+01
  0.371737683449727E-03 -0.200000023570303E+01
  0.374848440966078E-03 -0.200000023966433E+01
  0.377985229774806E-03 -0.200000024369221E+01
  0.381148267709729E-03 -0.200000024778778E+01
  0.384337774427529E-03 -0.200000025195218E+01
  0.387553971423010E-03 -0.200000025618657E+01
  0.390797082044478E-03 -0.200000026049213E+01
  0.394067331509252E-03 -0.200000026487005E+01
  0.397364946919304E-03 -0.200000026932154E+01
  0.400690157277029E-03 -0.200000027384785E+01
  0.404043193501149E-03 -0.200000027845022E+01
  0.407424288442750E-03 -0.200000028312995E+01
  0.410833676901449E-03 -0.200000028788833E+01
  0.414271595641706E-03 -0.200000029272667E+01
  0.417738283409258E-03 -0.200000029764634E+01
  0.421233980947704E-03 -0.200000030264868E+01
  0.424758931015223E-03 -0.200000030773509E+01
  0.428313378401431E-03 -0.200000031290699E+01
  0.431897569944380E-03 -0.200000031816581E+01
  0.435511754547701E-03 -0.200000032351301E+01
  0.439156183197889E-03 -0.200000032895007E+01
  0.442831108981730E-03 -0.200000033447852E+01
  0.446536787103882E-03 -0.200000034009988E+01
  0.450273474904591E-03 -0.200000034581571E+01
  0.454041431877569E-03 -0.200000035162760E+01
  0.457840919688008E-03 -0.200000035753717E+01
  0.461672202190754E-03 -0.200000036354606E+01
  0.465535545448634E-03 -0.200000036965593E+01
  0.469431217750925E-03 -0.200000037586849E+01
  0.473359489631992E-03 -0.200000038218546E+01
  0.477320633890072E-03 -0.200000038860860E+01
  0.481314925606219E-03 -0.200000039513968E+01
  0.485342642163408E-03 -0.200000040178053E+01
  0.489404063265796E-03 -0.200000040853299E+01
  0.493499470958147E-03 -0.200000041539893E+01
  0.497629149645420E-03 -0.200000042238026E+01
  0.501793386112515E-03 -0.200000042947893E+01
  0.505992469544195E-03 -0.200000043669689E+01
  0.510226691545162E-03 -0.200000044403616E+01
  0.514496346160314E-03 -0.200000045149878E+01
  0.518801729895159E-03 -0.200000045908682E+01
  0.523143141736409E-03 -0.200000046680239E+01
  0.527520883172741E-03 -0.200000047464762E+01
  0.531935258215737E-03 -0.200000048262471E+01
  0.536386573420994E-03 -0.200000049073586E+01
  0.540875137909412E-03 -0.200000049898333E+01
  0.545401263388662E-03 -0.200000050736941E+01
  0.549965264174832E-03 -0.200000051589643E+01
  0.554567457214256E-03 -0.200000052456675E+01
  0.559208162105522E-03 -0.200000053338279E+01
  0.563887701121668E-03 -0.200000054234700E+01
  0.568606399232561E-03 -0.200000055146187E+01
  0.573364584127468E-03 -0.200000056072992E+01
  0.578162586237806E-03 -0.200000057015373E+01
  0.583000738760095E-03 -0.200000057973592E+01
  0.587879377679093E-03 -0.200000058947916E+01
  0.592798841791131E-03 -0.200000059938614E+01
  0.597759472727638E-03 -0.200000060945962E+01
  0.602761614978866E-03 -0.200000061970240E+01
  0.607805615917816E-03 -0.200000063011733E+01
  0.612891825824357E-03 -0.200000064070729E+01
  0.618020597909555E-03 -0.200000065147523E+01
  0.623192288340200E-03 -0.200000066242414E+01
  0.628407256263538E-03 -0.200000067355706E+01
  0.633665863832215E-03 -0.200000068487708E+01
  0.638968476229427E-03 -0.200000069638735E+01
  0.644315461694275E-03 -0.200000070809107E+01
  0.649707191547344E-03 -0.200000071999148E+01
  0.655144040216485E-03 -0.200000073209190E+01
  0.660626385262819E-03 -0.200000074439568E+01
  0.666154607406954E-03 -0.200000075690624E+01
  0.671729090555427E-03 -0.200000076962706E+01
  0.677350221827365E-03 -0.200000078256167E+01
  0.683018391581364E-03 -0.200000079571366E+01
  0.688733993442603E-03 -0.200000080908669E+01
  0.694497424330173E-03 -0.200000082268447E+01
  0.700309084484648E-03 -0.200000083651077E+01
  0.706169377495874E-03 -0.200000085056945E+01
  0.712078710330997E-03 -0.200000086486441E+01
  0.718037493362730E-03 -0.200000087939960E+01
  0.724046140397843E-03 -0.200000089417909E+01
  0.730105068705906E-03 -0.200000090920696E+01
  0.736214699048266E-03 -0.200000092448739E+01
  0.742375455707262E-03 -0.200000094002464E+01
  0.748587766515693E-03 -0.200000095582300E+01
  0.754852062886529E-03 -0.200000097188688E+01
  0.761168779842869E-03 -0.200000098822074E+01
  0.767538356048150E-03 -0.200000100482910E+01
  0.773961233836615E-03 -0.200000102171660E+01
  0.780437859244023E-03 -0.200000103888791E+01
  0.786968682038631E-03 -0.200000105634780E+01
  0.793554155752425E-03 -0.200000107410113E+01
  0.800194737712613E-03 -0.200000109215284E+01
  0.806890889073390E-03 -0.200000111050792E+01
  0.813643074847959E-03 -0.200000112917149E+01
  0.820451763940822E-03 -0.200000114814872E+01
  0.827317429180347E-03 -0.200000116744489E+01
  0.834240547351602E-03 -0.200000118706536E+01
  0.841221599229464E-03 -0.200000120701557E+01
  0.848261069612008E-03 -0.200000122730108E+01
  0.855359447354173E-03 -0.200000124792751E+01
  0.862517225401711E-03 -0.200000126890060E+01
  0.869734900825417E-03 -0.200000129022616E+01
  0.877012974855653E-03 -0.200000131191013E+01
  0.884351952917151E-03 -0.200000133395853E+01
  0.891752344664115E-03 -0.200000135637749E+01
  0.899214664015612E-03 -0.200000137917322E+01
  0.906739429191263E-03 -0.200000140235207E+01
  0.914327162747229E-03 -0.200000142592046E+01
  0.921978391612501E-03 -0.200000144988496E+01
  0.929693647125492E-03 -0.200000147425221E+01
  0.937473465070934E-03 -0.200000149902898E+01
  0.945318385717091E-03 -0.200000152422217E+01
  0.953228953853269E-03 -0.200000154983875E+01
  0.961205718827659E-03 -0.200000157588586E+01
  0.969249234585477E-03 -0.200000160237073E+01
  0.977360059707440E-03 -0.200000162930071E+01
  0.985538757448552E-03 -0.200000165668328E+01
  0.993785895777219E-03 -0.200000168452605E+01
  0.100210204741470E-02 -0.200000171283676E+01
  0.101048778987486E-02 -0.200000174162327E+01
  0.101894370550430E-02 -0.200000177089357E+01
  0.102747038152278E-02 -0.200000180065580E+01
  0.103606841006400E-02 -0.200000183091823E+01
  0.104473838821675E-02 -0.200000186168925E+01
  0.105348091806631E-02 -0.200000189297743E+01
  0.106229660673633E-02 -0.200000192479144E+01
  0.107118606643095E-02 -0.200000195714013E+01
  0.108014991447734E-02 -0.200000199003248E+01
  0.108918877336855E-02 -0.200000202347764E+01
  0.109830327080674E-02 -0.200000205748488E+01
  0.110749403974679E-02 -0.200000209206366E+01
  0.111676171844023E-02 -0.200000212722359E+01
  0.112610695047959E-02 -0.200000216297442E+01
  0.113553038484306E-02 -0.200000219932610E+01
  0.114503267593961E-02 -0.200000223628871E+01
  0.115461448365437E-02 -0.200000227387253E+01
  0.116427647339452E-02 -0.200000231208799E+01
  0.117401931613543E-02 -0.200000235094572E+01
  0.118384368846734E-02 -0.200000239045651E+01
  0.119375027264226E-02 -0.200000243063132E+01
  0.120373975662141E-02 -0.200000247148133E+01
  0.121381283412297E-02 -0.200000251301788E+01
  0.122397020467027E-02 -0.200000255525251E+01
  0.123421257364033E-02 -0.200000259819694E+01
  0.124454065231289E-02 -0.200000264186311E+01
  0.125495515791980E-02 -0.200000268626316E+01
  0.126545681369480E-02 -0.200000273140940E+01
  0.127604634892375E-02 -0.200000277731439E+01
  0.128672449899530E-02 -0.200000282399087E+01
  0.129749200545194E-02 -0.200000287145181E+01
  0.130834961604151E-02 -0.200000291971040E+01
  0.131929808476910E-02 -0.200000296878004E+01
  0.133033817194944E-02 -0.200000301867436E+01
  0.134147064425969E-02 -0.200000306940723E+01
  0.135269627479268E-02 -0.200000312099272E+01
  0.136401584311059E-02 -0.200000317344518E+01
  0.137543013529911E-02 -0.200000322677918E+01
  0.138693994402200E-02 -0.200000328100952E+01
  0.139854606857616E-02 -0.200000333615128E+01
  0.141024931494713E-02 -0.200000339221977E+01
  0.142205049586506E-02 -0.200000344923056E+01
  0.143395043086113E-02 -0.200000350719950E+01
  0.144594994632451E-02 -0.200000356614269E+01
  0.145804987555971E-02 -0.200000362607649E+01
  0.147025105884444E-02 -0.200000368701756E+01
  0.148255434348801E-02 -0.200000374898283E+01
  0.149496058389013E-02 -0.200000381198951E+01
  0.150747064160026E-02 -0.200000387605511E+01
  0.152008538537743E-02 -0.200000394119741E+01
  0.153280569125058E-02 -0.200000400743451E+01
  0.154563244257941E-02 -0.200000407478482E+01
  0.155856653011568E-02 -0.200000414326705E+01
  0.157160885206512E-02 -0.200000421290020E+01
  0.158476031414977E-02 -0.200000428370364E+01
  0.159802182967090E-02 -0.200000435569703E+01
  0.161139431957241E-02 -0.200000442890036E+01
  0.162487871250480E-02 -0.200000450333397E+01
  0.163847594488969E-02 -0.200000457901854E+01
  0.165218696098476E-02 -0.200000465597510E+01
  0.166601271294944E-02 -0.200000473422501E+01
  0.167995416091095E-02 -0.200000481379001E+01
  0.169401227303098E-02 -0.200000489469222E+01
  0.170818802557299E-02 -0.200000497695410E+01
  0.172248240296992E-02 -0.200000506059849E+01
  0.173689639789262E-02 -0.200000514564865E+01
  0.175143101131875E-02 -0.200000523212819E+01
  0.176608725260231E-02 -0.200000532006113E+01
  0.178086613954372E-02 -0.200000540947191E+01
  0.179576869846051E-02 -0.200000550038536E+01
  0.181079596425860E-02 -0.200000559282673E+01
  0.182594898050415E-02 -0.200000568682170E+01
  0.184122879949604E-02 -0.200000578239639E+01
  0.185663648233895E-02 -0.200000587957734E+01
  0.187217309901707E-02 -0.200000597839155E+01
  0.188783972846833E-02 -0.200000607886646E+01
  0.190363745865942E-02 -0.200000618103000E+01
  0.191956738666128E-02 -0.200000628491053E+01
  0.193563061872531E-02 -0.200000639053691E+01
  0.195182827036020E-02 -0.200000649793849E+01
  0.196816146640937E-02 -0.200000660714510E+01
  0.198463134112912E-02 -0.200000671818708E+01
  0.200123903826735E-02 -0.200000683109526E+01
  0.201798571114306E-02 -0.200000694590103E+01
  0.203487252272636E-02 -0.200000706263626E+01
  0.205190064571928E-02 -0.200000718133338E+01
  0.206907126263722E-02 -0.200000730202538E+01
  0.208638556589102E-02 -0.200000742474576E+01
  0.210384475786982E-02 -0.200000754952864E+01
  0.212145005102452E-02 -0.200000767640865E+01
  0.213920266795198E-02 -0.200000780542107E+01
  0.215710384147998E-02 -0.200000793660171E+01
  0.217515481475276E-02 -0.200000806998702E+01
  0.219335684131737E-02 -0.200000820561405E+01
  0.221171118521076E-02 -0.200000834352049E+01
  0.223021912104751E-02 -0.200000848374463E+01
  0.224888193410840E-02 -0.200000862632543E+01
  0.226770092042960E-02 -0.200000877130249E+01
  0.228667738689272E-02 -0.200000891871610E+01
  0.230581265131556E-02 -0.200000906860719E+01
  0.232510804254363E-02 -0.200000922101741E+01
  0.234456490054239E-02 -0.200000937598909E+01
  0.236418457649037E-02 -0.200000953356529E+01
  0.238396843287294E-02 -0.200000969378977E+01
  0.240391784357697E-02 -0.200000985670704E+01
  0.242403419398622E-02 -0.200001002236237E+01
  0.244431888107755E-02 -0.200001019080176E+01
  0.246477331351795E-02 -0.200001036207201E+01
  0.248539891176232E-02 -0.200001053622069E+01
  0.250619710815217E-02 -0.200001071329618E+01
  0.252716934701505E-02 -0.200001089334767E+01
  0.254831708476487E-02 -0.200001107642517E+01
  0.256964179000302E-02 -0.200001126257955E+01
  0.259114494362038E-02 -0.200001145186251E+01
  0.261282803890015E-02 -0.200001164432663E+01
  0.263469258162155E-02 -0.200001184002537E+01
  0.265674009016439E-02 -0.200001203901311E+01
  0.267897209561451E-02 -0.200001224134511E+01
  0.270139014187012E-02 -0.200001244707759E+01
  0.272399578574899E-02 -0.200001265626768E+01
  0.274679059709658E-02 -0.200001286897351E+01
  0.276977615889507E-02 -0.200001308525416E+01
  0.279295406737326E-02 -0.200001330516970E+01
  0.281632593211745E-02 -0.200001352878123E+01
  0.283989337618318E-02 -0.200001375615087E+01
  0.286365803620801E-02 -0.200001398734177E+01
  0.288762156252507E-02 -0.200001422241816E+01
  0.291178561927779E-02 -0.200001446144533E+01
  0.293615188453536E-02 -0.200001470448970E+01
  0.296072205040934E-02 -0.200001495161877E+01
  0.298549782317111E-02 -0.200001520290118E+01
  0.301048092337040E-02 -0.200001545840676E+01
  0.303567308595478E-02 -0.200001571820646E+01
  0.306107606039010E-02 -0.200001598237246E+01
  0.308669161078202E-02 -0.200001625097815E+01
  0.311252151599849E-02 -0.200001652409813E+01
  0.313856756979332E-02 -0.200001680180829E+01
  0.316483158093071E-02 -0.200001708418575E+01
  0.319131537331087E-02 -0.200001737130897E+01
  0.321802078609670E-02 -0.200001766325770E+01
  0.324494967384149E-02 -0.200001796011305E+01
  0.327210390661770E-02 -0.200001826195747E+01
  0.329948537014686E-02 -0.200001856887481E+01
  0.332709596593049E-02 -0.200001888095034E+01
  0.335493761138218E-02 -0.200001919827074E+01
  0.338301223996072E-02 -0.200001952092417E+01
  0.341132180130437E-02 -0.200001984900025E+01
  0.343986826136626E-02 -0.200002018259011E+01
  0.346865360255094E-02 -0.200002052178643E+01
  0.349767982385200E-02 -0.200002086668344E+01
  0.352694894099091E-02 -0.200002121737693E+01
  0.355646298655701E-02 -0.200002157396433E+01
  0.358622401014867E-02 -0.200002193654469E+01
  0.361623407851560E-02 -0.200002230521874E+01
  0.364649527570237E-02 -0.200002268008890E+01
  0.367700970319319E-02 -0.200002306125928E+01
  0.370777948005777E-02 -0.200002344883579E+01
  0.373880674309854E-02 -0.200002384292608E+01
  0.377009364699902E-02 -0.200002424363963E+01
  0.380164236447344E-02 -0.200002465108775E+01
  0.383345508641763E-02 -0.200002506538363E+01
  0.386553402206118E-02 -0.200002548664236E+01
  0.389788139912086E-02 -0.200002591498096E+01
  0.393049946395527E-02 -0.200002635051841E+01
  0.396339048172094E-02 -0.200002679337571E+01
  0.399655673652953E-02 -0.200002724367588E+01
  0.403000053160651E-02 -0.200002770154400E+01
  0.406372418945108E-02 -0.200002816710726E+01
  0.409773005199749E-02 -0.200002864049501E+01
  0.413202048077764E-02 -0.200002912183873E+01
  0.416659785708507E-02 -0.200002961127215E+01
  0.420146458214038E-02 -0.200003010893122E+01
  0.423662307725793E-02 -0.200003061495419E+01
  0.427207578401401E-02 -0.200003112948162E+01
  0.430782516441639E-02 -0.200003165265646E+01
  0.434387370107529E-02 -0.200003218462403E+01
  0.438022389737582E-02 -0.200003272553211E+01
  0.441687827765176E-02 -0.200003327553096E+01
  0.445383938736091E-02 -0.200003383477336E+01
  0.449110979326187E-02 -0.200003440341468E+01
  0.452869208359224E-02 -0.200003498161287E+01
  0.456658886824840E-02 -0.200003556952854E+01
  0.460480277896674E-02 -0.200003616732504E+01
  0.464333646950641E-02 -0.200003677516840E+01
  0.468219261583363E-02 -0.200003739322750E+01
  0.472137391630751E-02 -0.200003802167402E+01
  0.476088309186744E-02 -0.200003866068254E+01
  0.480072288622205E-02 -0.200003931043057E+01
  0.484089606603973E-02 -0.200003997109862E+01
  0.488140542114078E-02 -0.200004064287020E+01
  0.492225376469114E-02 -0.200004132593194E+01
  0.496344393339776E-02 -0.200004202047358E+01
  0.500497878770556E-02 -0.200004272668807E+01
  0.504686121199612E-02 -0.200004344477158E+01
  0.508909411478797E-02 -0.200004417492360E+01
  0.513168042893853E-02 -0.200004491734697E+01
  0.517462311184787E-02 -0.200004567224791E+01
  0.521792514566399E-02 -0.200004643983614E+01
  0.526158953748997E-02 -0.200004722032490E+01
  0.530561931959279E-02 -0.200004801393100E+01
  0.535001754961392E-02 -0.200004882087489E+01
  0.539478731078160E-02 -0.200004964138075E+01
  0.543993171212502E-02 -0.200005047567651E+01
  0.548545388869020E-02 -0.200005132399394E+01
  0.553135700175770E-02 -0.200005218656869E+01
  0.557764423906213E-02 -0.200005306364038E+01
  0.562431881501359E-02 -0.200005395545267E+01
  0.567138397092084E-02 -0.200005486225330E+01
  0.571884297521638E-02 -0.200005578429416E+01
  0.576669912368348E-02 -0.200005672183142E+01
  0.581495573968501E-02 -0.200005767512550E+01
  0.586361617439426E-02 -0.200005864444124E+01
  0.591268380702764E-02 -0.200005963004791E+01
  0.596216204507936E-02 -0.200006063221931E+01
  0.601205432455804E-02 -0.200006165123384E+01
  0.606236411022539E-02 -0.200006268737458E+01
  0.611309489583672E-02 -0.200006374092938E+01
  0.616425020438365E-02 -0.200006481219091E+01
  0.621583358833871E-02 -0.200006590145677E+01
  0.626784862990209E-02 -0.200006700902955E+01
  0.632029894125035E-02 -0.200006813521695E+01
  0.637318816478730E-02 -0.200006928033181E+01
  0.642651997339694E-02 -0.200007044469226E+01
  0.648029807069853E-02 -0.200007162862175E+01
  0.653452619130376E-02 -0.200007283244918E+01
  0.658920810107614E-02 -0.200007405650897E+01
  0.664434759739248E-02 -0.200007530114118E+01
  0.669994850940665E-02 -0.200007656669157E+01
  0.675601469831542E-02 -0.200007785351171E+01
  0.681255005762667E-02 -0.200007916195908E+01
  0.686955851342975E-02 -0.200008049239717E+01
  0.692704402466809E-02 -0.200008184519560E+01
  0.698501058341420E-02 -0.200008322073016E+01
  0.704346221514684E-02 -0.200008461938299E+01
  0.710240297903059E-02 -0.200008604154265E+01
  0.716183696819774E-02 -0.200008748760421E+01
  0.722176831003254E-02 -0.200008895796940E+01
  0.728220116645781E-02 -0.200009045304670E+01
  0.734313973422398E-02 -0.200009197325145E+01
  0.740458824520052E-02 -0.200009351900598E+01
  0.746655096666983E-02 -0.200009509073970E+01
  0.752903220162358E-02 -0.200009668888926E+01
  0.759203628906154E-02 -0.200009831389863E+01
  0.765556760429287E-02 -0.200009996621926E+01
  0.771963055923999E-02 -0.200010164631017E+01
  0.778422960274497E-02 -0.200010335463811E+01
  0.784936922087845E-02 -0.200010509167768E+01
  0.791505393725121E-02 -0.200010685791143E+01
  0.798128831332828E-02 -0.200010865383005E+01
  0.804807694874573E-02 -0.200011047993246E+01
  0.811542448163008E-02 -0.200011233672598E+01
  0.818333558892041E-02 -0.200011422472644E+01
  0.825181498669311E-02 -0.200011614445836E+01
  0.832086743048945E-02 -0.200011809645506E+01
  0.839049771564578E-02 -0.200012008125883E+01
  0.846071067762654E-02 -0.200012209942109E+01
  0.853151119236009E-02 -0.200012415150249E+01
  0.860290417657729E-02 -0.200012623807315E+01
  0.867489458815297E-02 -0.200012835971274E+01
  0.874748742645020E-02 -0.200013051701069E+01
  0.882068773266746E-02 -0.200013271056633E+01
  0.889450059018878E-02 -0.200013494098907E+01
  0.896893112493671E-02 -0.200013720889857E+01
  0.904398450572829E-02 -0.200013951492488E+01
  0.911966594463402E-02 -0.200014185970866E+01
  0.919598069733978E-02 -0.200014424390135E+01
  0.927293406351187E-02 -0.200014666816531E+01
  0.935053138716496E-02 -0.200014913317406E+01
  0.942877805703326E-02 -0.200015163961242E+01
  0.950767950694476E-02 -0.200015418817675E+01
  0.958724121619849E-02 -0.200015677957509E+01
  0.966746870994515E-02 -0.200015941452739E+01
  0.974836755957070E-02 -0.200016209376570E+01
  0.982994338308333E-02 -0.200016481803438E+01
  0.991220184550356E-02 -0.200016758809031E+01
  0.999514865925767E-02 -0.200017040470306E+01
  0.100787895845744E-01 -0.200017326865518E+01
  0.101631304298849E-01 -0.200017618074234E+01
  0.102481770522264E-01 -0.200017914177361E+01
  0.103339353576483E-01 -0.200018215257164E+01
  0.104204113016230E-01 -0.200018521397292E+01
  0.105076108894592E-01 -0.200018832682800E+01
  0.105955401767188E-01 -0.200019149200173E+01
  0.106842052696377E-01 -0.200019471037349E+01
  0.107736123255496E-01 -0.200019798283746E+01
  0.108637675533138E-01 -0.200020131030282E+01
  0.109546772137463E-01 -0.200020469369407E+01
  0.110463476200544E-01 -0.200020813395122E+01
  0.111387851382754E-01 -0.200021163203011E+01
  0.112319961877185E-01 -0.200021518890263E+01
  0.113259872414108E-01 -0.200021880555701E+01
  0.114207648265465E-01 -0.200022248299809E+01
  0.115163355249405E-01 -0.200022622224762E+01
  0.116127059734853E-01 -0.200023002434451E+01
  0.117098828646117E-01 -0.200023389034513E+01
  0.118078729467542E-01 -0.200023782132363E+01
  0.119066830248188E-01 -0.200024181837219E+01
  0.120063199606563E-01 -0.200024588260138E+01
  0.121067906735384E-01 -0.200025001514042E+01
  0.122081021406383E-01 -0.200025421713752E+01
  0.123102613975152E-01 -0.200025848976020E+01
  0.124132755386030E-01 -0.200026283419559E+01
  0.125171517177030E-01 -0.200026725165079E+01
  0.126218971484805E-01 -0.200027174335320E+01
  0.127275191049657E-01 -0.200027631055083E+01
  0.128340249220593E-01 -0.200028095451270E+01
  0.129414219960412E-01 -0.200028567652916E+01
  0.130497177850849E-01 -0.200029047791222E+01
  0.131589198097747E-01 -0.200029535999599E+01
  0.132690356536285E-01 -0.200030032413700E+01
  0.133800729636241E-01 -0.200030537171456E+01
  0.134920394507305E-01 -0.200031050413120E+01
  0.136049428904431E-01 -0.200031572281301E+01
  0.137187911233239E-01 -0.200032102921008E+01
  0.138335920555461E-01 -0.200032642479685E+01
  0.139493536594426E-01 -0.200033191107257E+01
  0.140660839740603E-01 -0.200033748956169E+01
  0.141837911057180E-01 -0.200034316181429E+01
  0.143024832285693E-01 -0.200034892940652E+01
  0.144221685851704E-01 -0.200035479394102E+01
  0.145428554870526E-01 -0.200036075704737E+01
  0.146645523152991E-01 -0.200036682038257E+01
  0.147872675211276E-01 -0.200037298563147E+01
  0.149110096264766E-01 -0.200037925450725E+01
  0.150357872245977E-01 -0.200038562875187E+01
  0.151616089806519E-01 -0.200039211013663E+01
  0.152884836323118E-01 -0.200039870046256E+01
  0.154164199903681E-01 -0.200040540156102E+01
  0.155454269393414E-01 -0.200041221529412E+01
  0.156755134380996E-01 -0.200041914355532E+01
  0.158066885204795E-01 -0.200042618826989E+01
  0.159389612959145E-01 -0.200043335139548E+01
  0.160723409500673E-01 -0.200044063492266E+01
  0.162068367454675E-01 -0.200044804087548E+01
  0.163424580221548E-01 -0.200045557131201E+01
  0.164792141983280E-01 -0.200046322832493E+01
  0.166171147709987E-01 -0.200047101404212E+01
  0.167561693166511E-01 -0.200047893062724E+01
  0.168963874919066E-01 -0.200048698028032E+01
  0.170377790341949E-01 -0.200049516523839E+01
  0.171803537624298E-01 -0.200050348777611E+01
  0.173241215776916E-01 -0.200051195020638E+01
  0.174690924639141E-01 -0.200052055488101E+01
  0.176152764885781E-01 -0.200052930419134E+01
  0.177626838034108E-01 -0.200053820056893E+01
  0.179113246450905E-01 -0.200054724648624E+01
  0.180612093359576E-01 -0.200055644445730E+01
  0.182123482847314E-01 -0.200056579703843E+01
  0.183647519872331E-01 -0.200057530682894E+01
  0.185184310271143E-01 -0.200058497647184E+01
  0.186733960765923E-01 -0.200059480865460E+01
  0.188296578971912E-01 -0.200060480610989E+01
  0.189872273404890E-01 -0.200061497161634E+01
  0.191461153488716E-01 -0.200062530799930E+01
  0.193063329562923E-01 -0.200063581813166E+01
  0.194678912890382E-01 -0.200064650493461E+01
  0.196308015665029E-01 -0.200065737137848E+01
  0.197950751019656E-01 -0.200066842048356E+01
  0.199607233033767E-01 -0.200067965532094E+01
  0.201277576741501E-01 -0.200069107901335E+01
  0.202961898139620E-01 -0.200070269473607E+01
  0.204660314195565E-01 -0.200071450571777E+01
  0.206372942855577E-01 -0.200072651524144E+01
  0.208099903052891E-01 -0.200073872664529E+01
  0.209841314715993E-01 -0.200075114332366E+01
  0.211597298776947E-01 -0.200076376872802E+01
  0.213367977179797E-01 -0.200077660636787E+01
  0.215153472889033E-01 -0.200078965981178E+01
  0.216953909898129E-01 -0.200080293268831E+01
  0.218769413238157E-01 -0.200081642868710E+01
  0.220600108986468E-01 -0.200083015155982E+01
  0.222446124275446E-01 -0.200084410512127E+01
  0.224307587301340E-01 -0.200085829325045E+01
  0.226184627333163E-01 -0.200087271989158E+01
  0.228077374721671E-01 -0.200088738905525E+01
  0.229985960908417E-01 -0.200090230481953E+01
  0.231910518434875E-01 -0.200091747133110E+01
  0.233851180951646E-01 -0.200093289280640E+01
  0.235808083227740E-01 -0.200094857353281E+01
  0.237781361159936E-01 -0.200096451786984E+01
  0.239771151782217E-01 -0.200098073025036E+01
  0.241777593275285E-01 -0.200099721518183E+01
  0.243800824976163E-01 -0.200101397724753E+01
  0.245840987387865E-01 -0.200103102110790E+01
  0.247898222189155E-01 -0.200104835150175E+01
  0.249972672244390E-01 -0.200106597324767E+01
  0.252064481613433E-01 -0.200108389124531E+01
  0.254173795561665E-01 -0.200110211047678E+01
  0.256300760570070E-01 -0.200112063600803E+01
  0.258445524345405E-01 -0.200113947299026E+01
  0.260608235830461E-01 -0.200115862666136E+01
  0.262789045214404E-01 -0.200117810234735E+01
  0.264988103943208E-01 -0.200119790546391E+01
  0.267205564730168E-01 -0.200121804151786E+01
  0.269441581566506E-01 -0.200123851610869E+01
  0.271696309732070E-01 -0.200125933493015E+01
  0.273969905806110E-01 -0.200128050377179E+01
  0.276262527678155E-01 -0.200130202852065E+01
  0.278574334558980E-01 -0.200132391516283E+01
  0.280905486991658E-01 -0.200134616978520E+01
  0.283256146862711E-01 -0.200136879857708E+01
  0.285626477413353E-01 -0.200139180783198E+01
  0.288016643250825E-01 -0.200141520394937E+01
  0.290426810359826E-01 -0.200143899343642E+01
  0.292857146114040E-01 -0.200146318290986E+01
  0.295307819287761E-01 -0.200148777909781E+01
  0.297779000067610E-01 -0.200151278884167E+01
  0.300270860064358E-01 -0.200153821909801E+01
  0.302783572324837E-01 -0.200156407694052E+01
  0.305317311343966E-01 -0.200159036956200E+01
  0.307872253076861E-01 -0.200161710427635E+01
  0.310448574951058E-01 -0.200164428852063E+01
  0.313046455878833E-01 -0.200167192985712E+01
  0.315666076269629E-01 -0.200170003597545E+01
  0.318307618042581E-01 -0.200172861469472E+01
  0.320971264639151E-01 -0.200175767396572E+01
  0.323657201035868E-01 -0.200178722187314E+01
  0.326365613757173E-01 -0.200181726663782E+01
  0.329096690888370E-01 -0.200184781661903E+01
  0.331850622088691E-01 -0.200187888031688E+01
  0.334627598604465E-01 -0.200191046637459E+01
  0.337427813282399E-01 -0.200194258358100E+01
  0.340251460582972E-01 -0.200197524087298E+01
  0.343098736593937E-01 -0.200200844733793E+01
  0.345969839043938E-01 -0.200204221221634E+01
  0.348864967316243E-01 -0.200207654490436E+01
  0.351784322462592E-01 -0.200211145495644E+01
  0.354728107217152E-01 -0.200214695208799E+01
  0.357696526010605E-01 -0.200218304617811E+01
  0.360689784984337E-01 -0.200221974727232E+01
  0.363708092004757E-01 -0.200225706558546E+01
  0.366751656677733E-01 -0.200229501150442E+01
  0.369820690363146E-01 -0.200233359559117E+01
  0.372915406189568E-01 -0.200237282858565E+01
  0.376036019069064E-01 -0.200241272140876E+01
  0.379182745712116E-01 -0.200245328516550E+01
  0.382355804642673E-01 -0.200249453114798E+01
  0.385555416213324E-01 -0.200253647083867E+01
  0.388781802620602E-01 -0.200257911591356E+01
  0.392035187920417E-01 -0.200262247824546E+01
  0.395315798043610E-01 -0.200266656990729E+01
  0.398623860811648E-01 -0.200271140317553E+01
  0.401959605952440E-01 -0.200275699053360E+01
  0.405323265116295E-01 -0.200280334467538E+01
  0.408715071892008E-01 -0.200285047850877E+01
  0.412135261823078E-01 -0.200289840515932E+01
  0.415584072424069E-01 -0.200294713797389E+01
  0.419061743197104E-01 -0.200299669052441E+01
  0.422568515648496E-01 -0.200304707661168E+01
  0.426104633305518E-01 -0.200309831026924E+01
  0.429670341733316E-01 -0.200315040576732E+01
  0.433265888551967E-01 -0.200320337761684E+01
  0.436891523453664E-01 -0.200325724057346E+01
  0.440547498220068E-01 -0.200331200964178E+01
  0.444234066739784E-01 -0.200336770007948E+01
  0.447951485025995E-01 -0.200342432740167E+01
  0.451700011234245E-01 -0.200348190738520E+01
  0.455479905680358E-01 -0.200354045607313E+01
  0.459291430858525E-01 -0.200359998977922E+01
  0.463134851459525E-01 -0.200366052509251E+01
  0.467010434389112E-01 -0.200372207888200E+01
  0.470918448786546E-01 -0.200378466830136E+01
  0.474859166043287E-01 -0.200384831079381E+01
  0.478832859821838E-01 -0.200391302409696E+01
  0.482839806074755E-01 -0.200397882624786E+01
  0.486880283063802E-01 -0.200404573558803E+01
  0.490954571379285E-01 -0.200411377076866E+01
  0.495062953959529E-01 -0.200418295075581E+01
  0.499205716110531E-01 -0.200425329483580E+01
  0.503383145525771E-01 -0.200432482262062E+01
  0.507595532306194E-01 -0.200439755405344E+01
  0.511843168980353E-01 -0.200447150941427E+01
  0.516126350524722E-01 -0.200454670932561E+01
  0.520445374384187E-01 -0.200462317475833E+01
  0.524800540492696E-01 -0.200470092703754E+01
  0.529192151294089E-01 -0.200477998784861E+01
  0.533620511763105E-01 -0.200486037924329E+01
  0.538085929426554E-01 -0.200494212364594E+01
  0.542588714384681E-01 -0.200502524385983E+01
  0.547129179332695E-01 -0.200510976307361E+01
  0.551707639582487E-01 -0.200519570486781E+01
  0.556324413084524E-01 -0.200528309322157E+01
  0.560979820449934E-01 -0.200537195251934E+01
  0.565674184972765E-01 -0.200546230755779E+01
  0.570407832652441E-01 -0.200555418355283E+01
  0.575181092216397E-01 -0.200564760614676E+01
  0.579994295142909E-01 -0.200574260141544E+01
  0.584847775684116E-01 -0.200583919587575E+01
  0.589741870889227E-01 -0.200593741649303E+01
  0.594676920627933E-01 -0.200603729068874E+01
  0.599653267614003E-01 -0.200613884634823E+01
  0.604671257429090E-01 -0.200624211182859E+01
  0.609731238546725E-01 -0.200634711596671E+01
  0.614833562356520E-01 -0.200645388808746E+01
  0.619978583188566E-01 -0.200656245801197E+01
  0.625166658338045E-01 -0.200667285606608E+01
  0.630398148090039E-01 -0.200678511308897E+01
  0.635673415744549E-01 -0.200689926044187E+01
  0.640992827641727E-01 -0.200701533001697E+01
  0.646356753187315E-01 -0.200713335424647E+01
  0.651765564878298E-01 -0.200725336611178E+01
  0.657219638328772E-01 -0.200737539915287E+01
  0.662719352296030E-01 -0.200749948747783E+01
  0.668265088706864E-01 -0.200762566577252E+01
  0.673857232684087E-01 -0.200775396931046E+01
  0.679496172573276E-01 -0.200788443396281E+01
  0.685182299969747E-01 -0.200801709620862E+01
  0.690916009745742E-01 -0.200815199314519E+01
  0.696697700077857E-01 -0.200828916249860E+01
  0.702527772474686E-01 -0.200842864263447E+01
  0.708406631804713E-01 -0.200857047256888E+01
  0.714334686324420E-01 -0.200871469197947E+01
  0.720312347706642E-01 -0.200886134121676E+01
  0.726340031069154E-01 -0.200901046131565E+01
  0.732418155003503E-01 -0.200916209400708E+01
  0.738547141604070E-01 -0.200931628172999E+01
  0.744727416497387E-01 -0.200947306764338E+01
  0.750959408871696E-01 -0.200963249563864E+01
  0.757243551506749E-01 -0.200979461035210E+01
  0.763580280803865E-01 -0.200995945717774E+01
  0.769970036816237E-01 -0.201012708228018E+01
  0.776413263279489E-01 -0.201029753260787E+01
  0.782910407642493E-01 -0.201047085590652E+01
  0.789461921098439E-01 -0.201064710073274E+01
  0.796068258616175E-01 -0.201082631646793E+01
  0.802729878971792E-01 -0.201100855333242E+01
  0.809447244780493E-01 -0.201119386239985E+01
  0.816220822528715E-01 -0.201138229561179E+01
  0.823051082606523E-01 -0.201157390579263E+01
  0.829938499340279E-01 -0.201176874666471E+01
  0.836883551025578E-01 -0.201196687286373E+01
  0.843886719960469E-01 -0.201216833995441E+01
  0.850948492478941E-01 -0.201237320444646E+01
  0.858069358984703E-01 -0.201258152381077E+01
  0.865249813985233E-01 -0.201279335649593E+01
  0.872490356126127E-01 -0.201300876194501E+01
  0.879791488225720E-01 -0.201322780061265E+01
  0.887153717310009E-01 -0.201345053398243E+01
  0.894577554647862E-01 -0.201367702458457E+01
  0.902063515786521E-01 -0.201390733601391E+01
  0.909612120587407E-01 -0.201414153294819E+01
  0.917223893262221E-01 -0.201437968116671E+01
  0.924899362409347E-01 -0.201462184756925E+01
  0.932639061050559E-01 -0.201486810019535E+01
  0.940443526668040E-01 -0.201511850824392E+01
  0.948313301241707E-01 -0.201537314209323E+01
  0.956248931286844E-01 -0.201563207332113E+01
  0.964250967892061E-01 -0.201589537472578E+01
  0.972319966757560E-01 -0.201616312034665E+01
  0.980456488233727E-01 -0.201643538548585E+01
  0.988661097360046E-01 -0.201671224672995E+01
  0.996934363904336E-01 -0.201699378197207E+01
  0.100527686240232E+00 -0.201728007043442E+01
  0.101368917219753E+00 -0.201757119269119E+01
  0.102217187748152E+00 -0.201786723069185E+01
  0.103072556733446E+00 -0.201816826778493E+01
  0.103935083576602E+00 -0.201847438874205E+01
  0.104804828175665E+00 -0.201878567978254E+01
  0.105681850929914E+00 -0.201910222859841E+01
  0.106566212744060E+00 -0.201942412437972E+01
  0.107457975032474E+00 -0.201975145784045E+01
  0.108357199723449E+00 -0.202008432124482E+01
  0.109263949263508E+00 -0.202042280843404E+01
  0.110178286621732E+00 -0.202076701485352E+01
  0.111100275294138E+00 -0.202111703758057E+01
  0.112029979308089E+00 -0.202147297535260E+01
  0.112967463226736E+00 -0.202183492859575E+01
  0.113912792153506E+00 -0.202220299945411E+01
  0.114866031736622E+00 -0.202257729181933E+01
  0.115827248173660E+00 -0.202295791136085E+01
  0.116796508216147E+00 -0.202334496555657E+01
  0.117773879174198E+00 -0.202373856372412E+01
  0.118759428921189E+00 -0.202413881705264E+01
  0.119753225898471E+00 -0.202454583863509E+01
  0.120755339120122E+00 -0.202495974350114E+01
  0.121765838177741E+00 -0.202538064865064E+01
  0.122784793245280E+00 -0.202580867308763E+01
  0.123812275083916E+00 -0.202624393785498E+01
  0.124848355046969E+00 -0.202668656606958E+01
  0.125893105084851E+00 -0.202713668295817E+01
  0.126946597750069E+00 -0.202759441589380E+01
  0.128008906202259E+00 -0.202805989443281E+01
  0.129080104213269E+00 -0.202853325035260E+01
  0.130160266172279E+00 -0.202901461768992E+01
  0.131249467090970E+00 -0.202950413277988E+01
  0.132347782608734E+00 -0.203000193429559E+01
  0.133455288997922E+00 -0.203050816328848E+01
  0.134572063169145E+00 -0.203102296322934E+01
  0.135698182676615E+00 -0.203154648005000E+01
  0.136833725723526E+00 -0.203207886218573E+01
  0.137978771167493E+00 -0.203262026061842E+01
  0.139133398526019E+00 -0.203317082892036E+01
  0.140297687982024E+00 -0.203373072329890E+01
  0.141471720389411E+00 -0.203430010264171E+01
  0.142655577278679E+00 -0.203487912856295E+01
  0.143849340862588E+00 -0.203546796545004E+01
  0.145053094041867E+00 -0.203606678051139E+01
  0.146266920410970E+00 -0.203667574382477E+01
  0.147490904263884E+00 -0.203729502838652E+01
  0.148725130599978E+00 -0.203792481016164E+01
  0.149969685129911E+00 -0.203856526813459E+01
  0.151224654281581E+00 -0.203921658436101E+01
  0.152490125206128E+00 -0.203987894402020E+01
  0.153766185783985E+00 -0.204055253546854E+01
  0.155052924630984E+00 -0.204123755029369E+01
  0.156350431104506E+00 -0.204193418336969E+01
  0.157658795309689E+00 -0.204264263291296E+01
  0.158978108105683E+00 -0.204336310053913E+01
  0.160308461111963E+00 -0.204409579132086E+01
  0.161649946714690E+00 -0.204484091384645E+01
  0.163002658073124E+00 -0.204559868027948E+01
  0.164366689126098E+00 -0.204636930641928E+01
  0.165742134598540E+00 -0.204715301176236E+01
  0.167129090008047E+00 -0.204795001956485E+01
  0.168527651671527E+00 -0.204876055690574E+01
  0.169937916711878E+00 -0.204958485475121E+01
  0.171359983064739E+00 -0.205042314801984E+01
  0.172793949485291E+00 -0.205127567564881E+01
  0.174239915555109E+00 -0.205214268066107E+01
  0.175697981689087E+00 -0.205302441023346E+01
  0.177168249142403E+00 -0.205392111576583E+01
  0.178650820017553E+00 -0.205483305295116E+01
  0.180145797271445E+00 -0.205576048184659E+01
  0.181653284722545E+00 -0.205670366694548E+01
  0.183173387058086E+00 -0.205766287725051E+01
  0.184706209841341E+00 -0.205863838634761E+01
  0.186251859518954E+00 -0.205963047248104E+01
  0.187810443428329E+00 -0.206063941862932E+01
  0.189382069805085E+00 -0.206166551258220E+01
  0.190966847790576E+00 -0.206270904701857E+01
  0.192564887439464E+00 -0.206377031958534E+01
  0.194176299727367E+00 -0.206484963297728E+01
  0.195801196558565E+00 -0.206594729501776E+01
  0.197439690773767E+00 -0.206706361874047E+01
  0.199091896157953E+00 -0.206819892247203E+01
  0.200757927448272E+00 -0.206935352991548E+01
  0.202437900342011E+00 -0.207052777023470E+01
  0.204131931504629E+00 -0.207172197813963E+01
  0.205840138577860E+00 -0.207293649397236E+01
  0.207562640187881E+00 -0.207417166379404E+01
  0.209299555953553E+00 -0.207542783947253E+01
  0.211051006494723E+00 -0.207670537877087E+01
  0.212817113440606E+00 -0.207800464543638E+01
  0.214597999438226E+00 -0.207932600929050E+01
  0.216393788160939E+00 -0.208066984631924E+01
  0.218204604317016E+00 -0.208203653876425E+01
  0.220030573658306E+00 -0.208342647521439E+01
  0.221871822988971E+00 -0.208484005069780E+01
  0.223728480174287E+00 -0.208627766677445E+01
  0.225600674149526E+00 -0.208773973162898E+01
  0.227488534928912E+00 -0.208922666016386E+01
  0.229392193614646E+00 -0.209073887409285E+01
  0.231311782406013E+00 -0.209227680203448E+01
  0.233247434608563E+00 -0.209384087960571E+01
  0.235199284643364E+00 -0.209543154951545E+01
  0.237167468056342E+00 -0.209704926165807E+01
  0.239152121527692E+00 -0.209869447320655E+01
  0.241153382881370E+00 -0.210036764870536E+01
  0.243171391094662E+00 -0.210206926016286E+01
  0.245206286307839E+00 -0.210379978714309E+01
  0.247258209833886E+00 -0.210555971685678E+01
  0.249327304168316E+00 -0.210734954425155E+01
  0.251413712999069E+00 -0.210916977210098E+01
  0.253517581216485E+00 -0.211102091109251E+01
  0.255639054923368E+00 -0.211290347991396E+01
  0.257778281445135E+00 -0.211481800533836E+01
  0.259935409340042E+00 -0.211676502230710E+01
  0.262110588409505E+00 -0.211874507401098E+01
  0.264303969708499E+00 -0.212075871196903E+01
  0.266515705556052E+00 -0.212280649610486E+01
  0.268745949545820E+00 -0.212488899482018E+01
  0.270994856556754E+00 -0.212700678506533E+01
  0.273262582763857E+00 -0.212916045240647E+01
  0.275549285649025E+00 -0.213135059108903E+01
  0.277855124011989E+00 -0.213357780409729E+01
  0.280180257981340E+00 -0.213584270320948E+01
  0.282524849025650E+00 -0.213814590904821E+01
  0.284889059964683E+00 -0.214048805112579E+01
  0.287273054980704E+00 -0.214286976788390E+01
  0.289676999629880E+00 -0.214529170672735E+01
  0.292101060853780E+00 -0.214775452405128E+01
  0.294545406990961E+00 -0.215025888526138E+01
  0.297010207788666E+00 -0.215280546478659E+01
  0.299495634414607E+00 -0.215539494608367E+01
  0.302001859468854E+00 -0.215802802163313E+01
  0.304529056995822E+00 -0.216070539292574E+01
  0.307077402496353E+00 -0.216342777043910E+01
  0.309647072939910E+00 -0.216619587360344E+01
  0.312238246776862E+00 -0.216901043075602E+01
  0.314851103950877E+00 -0.217187217908318E+01
  0.317485825911420E+00 -0.217478186454939E+01
  0.320142595626354E+00 -0.217774024181221E+01
  0.322821597594643E+00 -0.218074807412244E+01
  0.325523017859166E+00 -0.218380613320832E+01
  0.328247044019639E+00 -0.218691519914274E+01
  0.330993865245640E+00 -0.219007606019253E+01
  0.333763672289746E+00 -0.219328951264844E+01
  0.336556657500784E+00 -0.219655636063483E+01
  0.339373014837180E+00 -0.219987741589751E+01
  0.342212939880437E+00 -0.220325349756870E+01
  0.345076629848715E+00 -0.220668543190741E+01
  0.347964283610522E+00 -0.221017405201387E+01
  0.350876101698530E+00 -0.221372019751642E+01
  0.353812286323499E+00 -0.221732471422921E+01
  0.356773041388319E+00 -0.222098845377885E+01
  0.359758572502170E+00 -0.222471227319837E+01
  0.362769086994802E+00 -0.222849703448640E+01
  0.365804793930931E+00 -0.223234360412952E+01
  0.368865904124759E+00 -0.223625285258583E+01
  0.371952630154612E+00 -0.224022565372727E+01
  0.375065186377706E+00 -0.224426288423853E+01
  0.378203788945030E+00 -0.224836542296992E+01
  0.381368655816355E+00 -0.225253415024174E+01
  0.384560006775375E+00 -0.225676994709736E+01
  0.387778063444969E+00 -0.226107369450216E+01
  0.391023049302585E+00 -0.226544627248536E+01
  0.394295189695769E+00 -0.226988855922168E+01
  0.397594711857808E+00 -0.227440143004941E+01
  0.400921844923510E+00 -0.227898575642164E+01
  0.404276819945120E+00 -0.228364240478687E+01
  0.407659869908364E+00 -0.228837223539552E+01
  0.411071229748625E+00 -0.229317610102813E+01
  0.414511136367264E+00 -0.229805484564143E+01
  0.417979828648067E+00 -0.230300930292785E+01
  0.421477547473837E+00 -0.230804029478411E+01
  0.425004535743119E+00 -0.231314862968426E+01
  0.428561038387073E+00 -0.231833510095224E+01
  0.432147302386477E+00 -0.232360048492916E+01
  0.435763576788885E+00 -0.232894553902987E+01
  0.439410112725916E+00 -0.233437099968350E+01
  0.443087163430698E+00 -0.233987758015234E+01
  0.446794984255452E+00 -0.234546596822322E+01
  0.450533832689226E+00 -0.235113682376530E+01
  0.454303968375773E+00 -0.235689077614813E+01
  0.458105653131589E+00 -0.236272842151334E+01
  0.461939150964086E+00 -0.236865031989339E+01
  0.465804728089933E+00 -0.237465699217052E+01
  0.469702652953538E+00 -0.238074891686868E+01
  0.473633196245694E+00 -0.238692652677120E+01
  0.477596630922378E+00 -0.239319020535674E+01
  0.481593232223700E+00 -0.239954028304578E+01
  0.485623277693025E+00 -0.240597703324975E+01
  0.489687047196239E+00 -0.241250066821488E+01
  0.493784822941193E+00 -0.241911133465240E+01
  0.497916889497292E+00 -0.242580910914699E+01
  0.502083533815264E+00 -0.243259399333477E+01
  0.506285045247083E+00 -0.243946590884254E+01
  0.510521715566065E+00 -0.244642469197947E+01
  0.514793838987128E+00 -0.245347008817266E+01
  0.519101712187229E+00 -0.246060174613799E+01
  0.523445634325958E+00 -0.246781921177745E+01
  0.527825907066321E+00 -0.247512192179461E+01
  0.532242834595686E+00 -0.248250919701970E+01
  0.536696723646905E+00 -0.248998023543604E+01
  0.541187883519621E+00 -0.249753410489998E+01
  0.545716626101739E+00 -0.250516973554644E+01
  0.550283265891093E+00 -0.251288591187301E+01
  0.554888120017281E+00 -0.252068126449556E+01
  0.559531508263689E+00 -0.252855426156926E+01
  0.564213753089702E+00 -0.253650319986933E+01
  0.568935179653092E+00 -0.254452619552672E+01
  0.573696115832600E+00 -0.255262117441479E+01
  0.578496892250709E+00 -0.256078586218406E+01
  0.583337842296598E+00 -0.256901777394333E+01
  0.588219302149299E+00 -0.257731420358669E+01
  0.593141610801043E+00 -0.258567221276758E+01
  0.598105110080796E+00 -0.259408861952251E+01
  0.603110144678004E+00 -0.260255998654921E+01
  0.608157062166525E+00 -0.261108260914570E+01
  0.613246213028768E+00 -0.261965250281940E+01
  0.618377950680034E+00 -0.262826539057770E+01
  0.623552631493053E+00 -0.263691668991424E+01
  0.628770614822741E+00 -0.264560149950837E+01
  0.634032263031148E+00 -0.265431458565824E+01
  0.639337941512625E+00 -0.266305036847204E+01
  0.644688018719198E+00 -0.267180290784546E+01
  0.650082866186158E+00 -0.268056588925794E+01
  0.655522858557857E+00 -0.268933260942489E+01
  0.661008373613730E+00 -0.269809596184783E+01
  0.666539792294527E+00 -0.270684842230996E+01
  0.672117498728768E+00 -0.271558203437023E+01
  0.677741880259419E+00 -0.272428839491504E+01
  0.683413327470791E+00 -0.273295863983328E+01
  0.689132234215664E+00 -0.274158342988709E+01
  0.694898997642639E+00 -0.275015293685809E+01
  0.700714018223715E+00 -0.275865683005629E+01
  0.706577699782103E+00 -0.276708426328697E+01
  0.712490449520267E+00 -0.277542386237899E+01
  0.718452678048205E+00 -0.278366371338662E+01
  0.724464799411960E+00 -0.279179135158605E+01
  0.730527231122377E+00 -0.279979375139652E+01
  0.736640394184094E+00 -0.280765731736571E+01
  0.742804713124780E+00 -0.281536787636835E+01
  0.749020616024617E+00 -0.282291067117643E+01
  0.755288534546027E+00 -0.283027035556921E+01
  0.761608903963648E+00 -0.283743099116034E+01
  0.767982163194563E+00 -0.284437604612890E+01
  0.774408754828779E+00 -0.285108839604972E+01
  0.780889125159966E+00 -0.285755032702718E+01
  0.787423724216445E+00 -0.286374354134396E+01
  0.794013005792443E+00 -0.286964916584364E+01
  0.800657427479606E+00 -0.287524776327182E+01
  0.807357450698779E+00 -0.288051934680538E+01
  0.814113540732042E+00 -0.288544339800275E+01
  0.820926166755032E+00 -0.288999888841030E+01
  0.827795801869514E+00 -0.289416430505936E+01
  0.834722923136244E+00 -0.289791768008665E+01
  0.841708011608093E+00 -0.290123662470609E+01
  0.848751552363457E+00 -0.290409836775267E+01
  0.855854034539941E+00 -0.290647979900895E+01
  0.863015951368329E+00 -0.290835751751112E+01
  0.870237800206834E+00 -0.290970788501450E+01
  0.877520082575639E+00 -0.291050708477759E+01
  0.884863304191723E+00 -0.291073118579857E+01
  0.892267975003984E+00 -0.291035621260902E+01
  0.899734609228648E+00 -0.290935822069561E+01
  0.907263725384981E+00 -0.290771337758183E+01
  0.914855846331298E+00 -0.290539804955828E+01
  0.922511499301271E+00 -0.290238889400154E+01
  0.930231215940544E+00 -0.289866295716792E+01
  0.938015532343653E+00 -0.289419777729002E+01
  0.945864989091254E+00 -0.288897149274036E+01
  0.953780131287665E+00 -0.288296295495871E+01
  0.961761508598719E+00 -0.287615184576700E+01
  0.969809675289937E+00 -0.286851879861990E+01
  0.977925190265018E+00 -0.286004552325948E+01
  0.986108617104652E+00 -0.285071493316039E+01
  0.994360524105659E+00 -0.284051127506826E+01
  0.100268148432045E+01 -0.282942025984923E+01
  0.101107207559683E+01 -0.281742919378443E+01
  0.101953288061813E+01 -0.280452710936020E+01
  0.102806448694364E+01 -0.279070489452524E+01
  0.103666748704945E+01 -0.277595541930999E+01
  0.104534247836959E+01 -0.276027365863445E+01
  0.105409006333750E+01 -0.274365681006819E+01
  0.106291084942787E+01 -0.272610440525420E+01
  0.107180544919883E+01 -0.270761841366633E+01
  0.108077448033449E+01 -0.268820333734147E+01
  0.108981856568786E+01 -0.266786629521350E+01
  0.109893833332403E+01 -0.264661709567789E+01
  0.110813441656389E+01 -0.262446829603500E+01
  0.111740745402800E+01 -0.260143524749895E+01
  0.112675808968105E+01 -0.257753612451637E+01
  0.113618697287647E+01 -0.255279193721873E+01
  0.114569475840162E+01 -0.252722652593116E+01
  0.115528210652320E+01 -0.250086653678166E+01
  0.116494968303312E+01 -0.247374137759631E+01
  0.117469815929476E+01 -0.244588315342687E+01
  0.118452821228955E+01 -0.241732658123755E+01
  0.119444052466400E+01 -0.238810888347393E+01
  0.120443578477713E+01 -0.235826966044877E+01
  0.121451468674825E+01 -0.232785074170197E+01
  0.122467793050513E+01 -0.229689601672456E+01
  0.123492622183270E+01 -0.226545124567370E+01
  0.124526027242197E+01 -0.223356385094518E+01
  0.125568079991948E+01 -0.220128269070731E+01
  0.126618852797717E+01 -0.216865781573171E+01
  0.127678418630261E+01 -0.213574021107869E+01
  0.128746851070965E+01 -0.210258152440421E+01
  0.129824224316957E+01 -0.206923378284883E+01
  0.130910613186255E+01 -0.203574910064401E+01
  0.132006093122967E+01 -0.200217937972626E+01
  0.133110740202531E+01 -0.196857600578439E+01
  0.134224631136992E+01 -0.193498954227949E+01
  0.135347843280334E+01 -0.190146942507402E+01
  0.136480454633854E+01 -0.186806366038814E+01
  0.137622543851572E+01 -0.183481852887360E+01
  0.138774190245698E+01 -0.180177829866543E+01
  0.139935473792139E+01 -0.176898495034660E+01
  0.141106475136053E+01 -0.173647791685346E+01
  0.142287275597447E+01 -0.170429384147056E+01
  0.143477957176830E+01 -0.167246635722810E+01
  0.144678602560899E+01 -0.164102589123904E+01
  0.145889295128289E+01 -0.160999949781310E+01
  0.147110118955360E+01 -0.157941072458023E+01
  0.148341158822034E+01 -0.154927951636469E+01
  0.149582500217686E+01 -0.151962216219179E+01
  0.150834229347078E+01 -0.149045129160007E+01
  0.152096433136347E+01 -0.146177592738734E+01
  0.153369199239042E+01 -0.143360160305301E+01
  0.154652616042209E+01 -0.140593055451912E+01
  0.155946772672530E+01 -0.137876199722262E+01
  0.157251759002514E+01 -0.135209250136923E+01
  0.158567665656736E+01 -0.132591648001760E+01
  0.159894584018131E+01 -0.130022680671109E+01
  0.161232606234341E+01 -0.127501557288039E+01
  0.162581825224113E+01 -0.125027477528158E+01
  0.163942334683753E+01 -0.122599653129769E+01
  0.165314229093631E+01 -0.120217309040515E+01
  0.166697603724743E+01 -0.117879683464598E+01
  0.168092554645329E+01 -0.115586028185419E+01
  0.169499178727539E+01 -0.113335608571363E+01
  0.170917573654169E+01 -0.111127703839204E+01
  0.172347837925434E+01 -0.108961607025145E+01
  0.173790070865819E+01 -0.106836625183021E+01
  0.175244372630967E+01 -0.104752079313659E+01
  0.176710844214641E+01 -0.102707304492105E+01
  0.178189587455736E+01 -0.100701649748563E+01
  0.179680705045348E+01 -0.987344781194184E+00
  0.181184300533909E+01 -0.968051664734468E+00
  0.182700478338376E+01 -0.949131054823150E+00
  0.184229343749485E+01 -0.930576993867227E+00
  0.185771002939059E+01 -0.912383658832339E+00
  0.187325562967383E+01 -0.894545358264788E+00
  0.188893131790640E+01 -0.877056530306727E+00
  0.190473818268405E+01 -0.859911739060767E+00
  0.192067732171209E+01 -0.843105671749025E+00
  0.193674984188157E+01 -0.826633134441643E+00
  0.195295685934618E+01 -0.810489048335863E+00
  0.196929949959977E+01 -0.794668444966502E+00
  0.198577889755447E+01 -0.779166461587290E+00
  0.200239619761954E+01 -0.763978335829078E+00
  0.201915255378083E+01 -0.749099400517327E+00
  0.203604912968093E+01 -0.734525077674429E+00
  0.205308709869994E+01 -0.720250872820956E+00
  0.207026764403700E+01 -0.706272368544841E+00
  0.208759195879246E+01 -0.692585218417954E+00
  0.210506124605067E+01 -0.679185140254250E+00
  0.212267671896362E+01 -0.666067909721106E+00
  0.214043960083512E+01 -0.653229353477514E+00
  0.215835112520575E+01 -0.640665342659149E+00
  0.217641253593859E+01 -0.628371786043379E+00
  0.219462508730552E+01 -0.616344623584162E+00
  0.221299004407437E+01 -0.604579819770554E+00
  0.223150868159675E+01 -0.593073357388415E+00
  0.225018228589659E+01 -0.581821231238804E+00
  0.226901215375948E+01 -0.570819442298269E+00
  0.228799959282268E+01 -0.560063991956161E+00
  0.230714592166600E+01 -0.549550876733196E+00
  0.232645246990329E+01 -0.539276083182242E+00
  0.234592057827483E+01 -0.529235583306911E+00
  0.236555159874042E+01 -0.519425330250568E+00
  0.238534689457325E+01 -0.509841254533138E+00
  0.240530784045460E+01 -0.500479260629019E+00
  0.242543582256929E+01 -0.491335224113483E+00
  0.244573223870194E+01 -0.482404989202913E+00
  0.246619849833406E+01 -0.473684366873900E+00
  0.248683602274190E+01 -0.465169133410418E+00
  0.250764624509516E+01 -0.456855029529700E+00
  0.252863061055655E+01 -0.448737759953784E+00
  0.254979057638210E+01 -0.440812993547579E+00
  0.257112761202238E+01 -0.433076363905915E+00
  0.259264319922455E+01 -0.425523470484688E+00
  0.261433883213527E+01 -0.418149880170416E+00
  0.263621601740441E+01 -0.410951129363111E+00
  0.265827627428976E+01 -0.403922726475664E+00
  0.268052113476247E+01 -0.397060154908521E+00
  0.270295214361344E+01 -0.390358876410177E+00
  0.272557085856064E+01 -0.383814334868740E+00
  0.274837885035726E+01 -0.377421960452410E+00
  0.277137770290077E+01 -0.371177174132264E+00
  0.279456901334297E+01 -0.365075392511781E+00
  0.281795439220084E+01 -0.359112032987314E+00
  0.284153546346842E+01 -0.353282519168851E+00
  0.286531386472958E+01 -0.347582286578927E+00
  0.288929124727175E+01 -0.342006788561769E+00
  0.291346927620056E+01 -0.336551502416256E+00
  0.293784963055553E+01 -0.331211935687430E+00
  0.296243400342661E+01 -0.325983632624770E+00
  0.298722410207180E+01 -0.320862180745169E+00
  0.301222164803569E+01 -0.315843217504737E+00
  0.303742837726902E+01 -0.310922437017677E+00
  0.306284604024923E+01 -0.306095596824379E+00
  0.308847640210201E+01 -0.301358524646017E+00
  0.311432124272391E+01 -0.296707125125993E+00
  0.314038235690591E+01 -0.292137386494280E+00
  0.316666155445808E+01 -0.287645387153167E+00
  0.319316066033525E+01 -0.283227302119215E+00
  0.321988151476377E+01 -0.278879409318830E+00
  0.324682597336926E+01 -0.274598095669682E+00
  0.327399590730551E+01 -0.270379862947166E+00
  0.330139320338440E+01 -0.266221333363721E+00
  0.332901976420695E+01 -0.262119254864291E+00
  0.335687750829543E+01 -0.258070506061744E+00
  0.338496837022660E+01 -0.254072100820876E+00
  0.341329430076605E+01 -0.250121192411469E+00
  0.344185726700368E+01 -0.246215077247233E+00
  0.347065925249027E+01 -0.242351198127289E+00
  0.349970225737529E+01 -0.238527147008740E+00
  0.352898829854575E+01 -0.234740667223554E+00
  0.355851940976629E+01 -0.230989655182606E+00
  0.358829764182036E+01 -0.227272161477300E+00
  0.361832506265274E+01 -0.223586391439483E+00
  0.364860375751304E+01 -0.219930705066056E+00
  0.367913582910057E+01 -0.216303616391314E+00
  0.370992339771036E+01 -0.212703792207762E+00
  0.374096860138037E+01 -0.209130050244351E+00
  0.377227359604000E+01 -0.205581356695469E+00
  0.380384055565979E+01 -0.202056823238480E+00
  0.383567167240241E+01 -0.198555703423253E+00
  0.386776915677487E+01 -0.195077388602893E+00
  0.390013523778203E+01 -0.191621403275901E+00
  0.393277216308142E+01 -0.188187400042299E+00
  0.396568219913929E+01 -0.184775154026900E+00
  0.399886763138806E+01 -0.181384557006687E+00
  0.403233076438494E+01 -0.178015611074256E+00
  0.406607392197209E+01 -0.174668422109286E+00
  0.410009944743788E+01 -0.171343192863915E+00
  0.413440970367971E+01 -0.168040215969563E+00
  0.416900707336805E+01 -0.164759866639882E+00
  0.420389395911192E+01 -0.161502595412916E+00
  0.423907278362573E+01 -0.158268920671521E+00
  0.427454598989756E+01 -0.155059421320019E+00
  0.431031604135875E+01 -0.151874729316791E+00
  0.434638542205504E+01 -0.148715522474674E+00
  0.438275663681903E+01 -0.145582517186611E+00
  0.441943221144413E+01 -0.142476461521333E+00
  0.445641469285999E+01 -0.139398128302126E+00
  0.449370664930934E+01 -0.136348308645395E+00
  0.453131067052638E+01 -0.133327805526487E+00
  0.456922936791657E+01 -0.130337427880672E+00
  0.460746537473804E+01 -0.127377984760684E+00
  0.464602134628439E+01 -0.124450280089244E+00
  0.468489996006914E+01 -0.121555107482570E+00
  0.472410391601166E+01 -0.118693245712924E+00
  0.476363593662465E+01 -0.115865454242476E+00
  0.480349876720319E+01 -0.113072469425090E+00
  0.484369517601543E+01 -0.110315000767144E+00
  0.488422795449480E+01 -0.107593727871337E+00
  0.492509991743388E+01 -0.104909297416328E+00
  0.496631390317985E+01 -0.102262320822627E+00
  0.500787277383162E+01 -0.996533719222228E-01
  0.504977941543857E+01 -0.970829853079505E-01
  0.509203673820100E+01 -0.945516546479585E-01
  0.513464767667218E+01 -0.920598316656575E-01
  0.517761518996218E+01 -0.896079250418929E-01
  0.522094226194338E+01 -0.871962999626327E-01
  0.526463190145761E+01 -0.848252775437800E-01
  0.530868714252519E+01 -0.824951348778153E-01
  0.535311104455556E+01 -0.802061049119179E-01
  0.539790669255976E+01 -0.779583769223108E-01
  0.544307719736470E+01 -0.757520967753840E-01
  0.548862569582913E+01 -0.735873677588493E-01
  0.553455535106153E+01 -0.714642511571267E-01
  0.558086935263976E+01 -0.693827673711832E-01
  0.562757091683252E+01 -0.673428967430031E-01
  0.567466328682278E+01 -0.653445809004227E-01
  0.572214973293293E+01 -0.633877237705689E-01
  0.577003355285191E+01 -0.614721930915784E-01
  0.581831807186425E+01 -0.595978215609047E-01
  0.586700664308095E+01 -0.577644084621860E-01
  0.591610264767236E+01 -0.559717209006846E-01
  0.596560949510296E+01 -0.542194955003327E-01
  0.601553062336817E+01 -0.525074396851979E-01
  0.606586949923307E+01 -0.508352334083346E-01
  0.611662961847317E+01 -0.492025304447331E-01
  0.616781450611713E+01 -0.476089601199822E-01
  0.621942771669162E+01 -0.460541285863577E-01
  0.627147283446811E+01 -0.445376205253267E-01
  0.632395347371181E+01 -0.430590003840941E-01
  0.637687327893264E+01 -0.416178140314815E-01
  0.643023592513835E+01 -0.402135899373680E-01
  0.648404511808970E+01 -0.388458407663628E-01
  0.653830459455783E+01 -0.375140644871390E-01
  0.659301812258374E+01 -0.362177458925690E-01
  0.664818950173998E+01 -0.349563576298527E-01
  0.670382256339449E+01 -0.337293616394419E-01
  0.675992117097669E+01 -0.325362101001652E-01
  0.681648922024577E+01 -0.313763467823890E-01
  0.687353063956121E+01 -0.302492079050522E-01
  0.693104939015560E+01 -0.291542234010110E-01
  0.698904946640976E+01 -0.280908176851907E-01
  0.704753489613005E+01 -0.270584108320240E-01
  0.710650974082816E+01 -0.260564192557187E-01
  0.716597809600312E+01 -0.250842568013272E-01
  0.722594409142570E+01 -0.241413353394449E-01
  0.728641189142526E+01 -0.232270657736607E-01
  0.734738569517885E+01 -0.223408585529958E-01
  0.740886973700293E+01 -0.214821245993896E-01
  0.747086828664732E+01 -0.206502757419159E-01
  0.753338564959177E+01 -0.198447255685358E-01
  0.759642616734495E+01 -0.190648897865699E-01
  0.765999421774593E+01 -0.183101870033416E-01
  0.772409421526819E+01 -0.175800390177162E-01
  0.778873061132622E+01 -0.168738715343597E-01
  0.785390789458460E+01 -0.161911143912628E-01
  0.791963059126975E+01 -0.155312022124868E-01
  0.798590326548425E+01 -0.148935745764676E-01
  0.805273051952377E+01 -0.142776766120596E-01
  0.812011699419670E+01 -0.136829591123845E-01
  0.818806736914641E+01 -0.131088790787781E-01
  0.825658636317626E+01 -0.125548997847571E-01
  0.832567873457725E+01 -0.120204912722994E-01
  0.839534928145850E+01 -0.115051303702354E-01
  0.846560284208043E+01 -0.110083011470859E-01
  0.853644429519075E+01 -0.105294948879297E-01
  0.860787856036330E+01 -0.100682105076906E-01
  0.867991059833964E+01 -0.962395449031207E-02
  0.875254541137358E+01 -0.919624126625806E-02
  0.882578804357854E+01 -0.878459311716773E-02
  0.889964358127787E+01 -0.838854052315056E-02
  0.897411715335804E+01 -0.800762202010664E-02
  0.904921393162480E+01 -0.764138459930320E-02
  0.912493913116239E+01 -0.728938336603604E-02
  0.920129801069564E+01 -0.695118199257620E-02
  0.927829587295522E+01 -0.662635252879380E-02
  0.935593806504584E+01 -0.631447563972322E-02
  0.943422997881759E+01 -0.601514038360005E-02
  0.951317705124040E+01 -0.572794443747092E-02
  0.959278476478157E+01 -0.545249390266235E-02
  0.967305864778654E+01 -0.518840353022786E-02
  0.975400427486278E+01 -0.493529647952603E-02
  0.983562726726692E+01 -0.469280452403782E-02
  0.991793329329512E+01 -0.446056779365504E-02
  0.100009280686767E+02 -0.423823496481453E-02
  0.100846173569711E+02 -0.402546298793349E-02
  0.101690069699681E+02 -0.382191726352938E-02
  0.102541027680914E+02 -0.362727135642896E-02
  0.103399106608056E+02 -0.344120715929608E-02
  0.104264366070266E+02 -0.326341459512511E-02
  0.105136866155355E+02 -0.309359176954051E-02
  0.106016667453957E+02 -0.293144466288975E-02
  0.106903831063738E+02 -0.277668727266867E-02
  0.107798418593639E+02 -0.262904129636209E-02
  0.108700492168153E+02 -0.248823626523548E-02
  0.109610114431640E+02 -0.235400921911568E-02
  0.110527348552680E+02 -0.222610483258282E-02
  0.111452258228454E+02 -0.210427508280690E-02
  0.112384907689173E+02 -0.198827936920526E-02
  0.113325361702536E+02 -0.187788417528107E-02
  0.114273685578227E+02 -0.177286318278405E-02
  0.115229945172452E+02 -0.167299692847059E-02
  0.116194206892511E+02 -0.157807291368389E-02
  0.117166537701411E+02 -0.148788525694745E-02
  0.118147005122516E+02 -0.140223479981094E-02
  0.119135677244235E+02 -0.132092875614812E-02
  0.120132622724752E+02 -0.124378081506234E-02
  0.121137910796793E+02 -0.117061078771587E-02
  0.122151611272432E+02 -0.110124470808013E-02
  0.123173794547945E+02 -0.103551447802455E-02
  0.124204531608691E+02 -0.973257966685878E-03
  0.125243894034047E+02 -0.914318654548787E-03
  0.126291954002377E+02 -0.858545732149661E-03
  0.127348784296045E+02 -0.805793743810753E-03
  0.128414458306468E+02 -0.755922686425622E-03
  0.129489050039213E+02 -0.708797653494413E-03
  0.130572634119139E+02 -0.664288934661189E-03
  0.131665285795575E+02 -0.622271660746876E-03
  0.132767080947550E+02 -0.582625904650454E-03
  0.133878096089057E+02 -0.545236328091105E-03
  0.134998408374374E+02 -0.509992284531681E-03
  0.136128095603413E+02 -0.476787468282067E-03
  0.137267236227133E+02 -0.445520020433666E-03
  0.138415909352977E+02 -0.416092179835997E-03
  0.139574194750375E+02 -0.388410396069570E-03
  0.140742172856278E+02 -0.362384968842020E-03
  0.141919924780746E+02 -0.337930225716446E-03
  0.143107532312581E+02 -0.314963977040204E-03
  0.144305077925004E+02 -0.293408422064088E-03
  0.145512644781388E+02 -0.273186760501730E-03
  0.146730316741027E+02 -0.254233811863281E-03
  0.147958178364963E+02 -0.236475441076005E-03
  0.149196314921858E+02 -0.219846053670927E-03
  0.150444812393914E+02 -0.204285729296336E-03
  0.151703757482847E+02 -0.189727062749464E-03
  0.152973237615905E+02 -0.176105115485867E-03
  0.154253340951941E+02 -0.163366930626192E-03
  0.155544156387534E+02 -0.151461960720401E-03
  0.156845773563164E+02 -0.140342203058391E-03
  0.158158282869435E+02 -0.129961882342289E-03
  0.159481775453355E+02 -0.120277590037736E-03
  0.160816343224663E+02 -0.111247970791244E-03
  0.162162078862212E+02 -0.102833865662885E-03
  0.163519075820407E+02 -0.949980024333812E-04
  0.164887428335693E+02 -0.877051428088026E-04
  0.166267231433101E+02 -0.809217766944706E-04
  0.167658580932844E+02 -0.746162734283483E-04
  0.169061573456974E+02 -0.687585800833414E-04
  0.170476306436093E+02 -0.633203767355622E-04
  0.171902878116113E+02 -0.582747788583020E-04
  0.173341387565087E+02 -0.535964966037435E-04
  0.174791934680082E+02 -0.492615412680253E-04
  0.176254620194119E+02 -0.452473886251508E-04
  0.177729545683169E+02 -0.415326893827249E-04
  0.179216813573206E+02 -0.380974365182719E-04
  0.180716527147320E+02 -0.349226797148715E-04
  0.182228790552890E+02 -0.319906966002030E-04
  0.183753708808816E+02 -0.292847111233969E-04
  0.185291387812811E+02 -0.267890685835115E-04
  0.186841934348758E+02 -0.244889578405391E-04
  0.188405456094122E+02 -0.223705900669696E-04
  0.189982061627431E+02 -0.204209246682393E-04
  0.191571860435814E+02 -0.186278516543794E-04
  0.193174962922605E+02 -0.169799211090598E-04
  0.194791480415009E+02 -0.154665290720727E-04
  0.196421525171836E+02 -0.140776504409137E-04
  0.198065210391293E+02 -0.128040281717852E-04
  0.199722650218847E+02 -0.116369095157796E-04
  0.201393959755153E+02 -0.105682383655996E-04
  0.203079255064044E+02 -0.959039464907326E-05
  0.204778653180595E+02 -0.869638969797846E-05
  0.206492272119247E+02 -0.787960863728566E-05
  0.208220230882002E+02 -0.713400858330735E-05
  0.209962649466692E+02 -0.645386386230736E-05
  0.211719648875309E+02 -0.583396690581542E-05
  0.213491351122404E+02 -0.526937610177578E-05
  0.215277879243570E+02 -0.475561922489810E-05
  0.217079357303977E+02 -0.428844375067700E-05
  0.218895910406991E+02 -0.386402265192215E-05
  0.220727664702865E+02 -0.347870700651112E-05
  0.222574747397492E+02 -0.312923399339466E-05
  0.224437286761249E+02 -0.281248162675276E-05
  0.226315412137893E+02 -0.252567878715918E-05
  0.228209253953554E+02 -0.226616191956821E-05
  0.230118943725786E+02 -0.203158693803331E-05
  0.232044614072700E+02 -0.181968773051896E-05
  0.233986398722179E+02 -0.162848978060374E-05
  0.235944432521158E+02 -0.145607032651667E-05
  0.237918851444995E+02 -0.130077355096814E-05
  0.239909792606908E+02 -0.116097224715647E-05
  0.241917394267499E+02 -0.103528443437092E-05
  0.243941795844359E+02 -0.922336391521531E-06
  0.245983137921742E+02 -0.820980562766022E-06
  0.248041562260337E+02 -0.730059826764902E-06
  0.250117211807104E+02 -0.648626564524909E-06
  0.252210230705208E+02 -0.575708040222716E-06
  0.254320764304025E+02 -0.510526511351214E-06
  0.256448959169235E+02 -0.452265605180584E-06
  0.258594963093005E+02 -0.400291359520775E-06
  0.260758925104246E+02 -0.353919486885685E-06
  0.262940995478969E+02 -0.312637242372337E-06
  0.265141325750714E+02 -0.275871475989961E-06
  0.267360068721081E+02 -0.243211232138418E-06
  0.269597378470332E+02 -0.214176498543903E-06
  0.271853410368101E+02 -0.188441450032570E-06
  0.274128321084174E+02 -0.165603810342417E-06
  0.276422268599379E+02 -0.145408660531249E-06
  0.278735412216546E+02 -0.127518337702693E-06
  0.281067912571580E+02 -0.111736735837874E-06
  0.283419931644608E+02 -0.977796727821576E-07
  0.285791632771234E+02 -0.854996184328984E-07
  0.288183180653879E+02 -0.746564682152924E-07
  0.290594741373217E+02 -0.651426405043502E-07
  0.293026482399711E+02 -0.567542012685214E-07
  0.295478572605245E+02 -0.494162787211945E-07
  0.297951182274845E+02 -0.429544902680867E-07
  0.300444483118510E+02 -0.373206282854885E-07
  0.302958648283133E+02 -0.323643458659851E-07
  0.305493852364529E+02 -0.280590732983501E-07
  0.308050271419554E+02 -0.242739244837544E-07
  0.310628082978339E+02 -0.209998084596137E-07
  0.313227466056609E+02 -0.181215230743559E-07
  0.315848601168124E+02 -0.156440307103275E-07
  0.318491670337208E+02 -0.134647101834780E-07
  0.321156857111393E+02 -0.115997696395783E-07
  0.323844346574167E+02 -0.995663172966360E-08
  0.326554325357821E+02 -0.856046047975033E-08
  0.329286981656415E+02 -0.732665810812244E-08
  0.332042505238847E+02 -0.628748604301878E-08
  0.334821087462027E+02 -0.536465493069208E-08
  0.337622921284173E+02 -0.459602291481803E-08
  0.340448201278202E+02 -0.390826301048987E-08
  0.343297123645249E+02 -0.334362435318396E-08
  0.346169886228291E+02 -0.283266374369306E-08
  0.349066688525884E+02 -0.242105769282379E-08
  0.351987731706018E+02 -0.204238693652278E-08
  0.354933218620088E+02 -0.174498928082521E-08
  0.357903353816980E+02 -0.146478762684614E-08
  0.360898343557277E+02 -0.125217520561158E-08
  0.363918395827579E+02 -0.104487941281641E-08
  0.366963720354955E+02 -0.894872424665394E-09
  0.370034528621496E+02 -0.741264406093508E-09
  0.373131033879011E+02 -0.637233726128583E-09
  0.376253451163833E+02 -0.522944375123588E-09
  0.379401997311749E+02 -0.452491071055265E-09
  0.382576890973063E+02 -0.366836441733137E-09
  0.385778352627778E+02 -0.141873916470939E-10
  0.389006604600905E+02  0.182655699763522E-15
  0.392261871077908E+02 -0.141871922425456E-10
  0.395544378120266E+02  0.179636666595236E-15
  0.398854353681176E+02 -0.141869961436716E-10
  0.402192027621383E+02  0.176667533656086E-15
  0.405557631725140E+02 -0.141868032766777E-10
  0.408951399716308E+02  0.173747476167830E-15
  0.412373567274583E+02 -0.141866135846685E-10
  0.415824372051864E+02  0.170875682984613E-15
  0.419304053688760E+02 -0.141864270502474E-10
  0.422812853831227E+02  0.168051356367639E-15
  0.426351016147352E+02 -0.141862435934589E-10
  0.429918786344273E+02  0.165273711763577E-15
  0.433516412185243E+02 -0.141860631594709E-10
  0.437144143506835E+02  0.162541977586620E-15
  0.440802232236295E+02 -0.141858857188217E-10
  0.444490932409030E+02  0.159855395004153E-15
  0.448210500186259E+02 -0.141857112092000E-10
  0.451961193872794E+02  0.157213217725964E-15
  0.455743273934981E+02 -0.141855395967983E-10
  0.459557003018789E+02  0.154614711796928E-15
  0.463402645968048E+02 -0.141853708004087E-10
  0.467280469842842E+02  0.152059155393135E-15
  0.471190743938055E+02 -0.141852048067210E-10
  0.475133739802069E+02  0.149545838621374E-15
  0.479109731255626E+02 -0.141850415387465E-10
  0.483118994410842E+02  0.147074063321936E-15
  0.487161807690381E+02 -0.141848809859897E-10
  0.491238451846789E+02  0.144643142874677E-15
  0.495349209981993E+02 -0.141847230765394E-10
  0.499494367566961E+02  0.142252402008286E-15
  0.503674212461524E+02 -0.141845677851581E-10
  0.507889034934368E+02  0.139901176612706E-15
  0.512139127683192E+02 -0.141844150612525E-10
  0.516424785855034E+02  0.137588813554653E-15
  0.520746307066768E+02 -0.141842648634480E-10
  0.525103991425768E+02  0.135314670496186E-15
  0.529498141550757E+02 -0.141841171414074E-10
  0.533929062592814E+02  0.133078115716277E-15
  0.538397062256570E+02 -0.141839718513489E-10
  0.542902450821576E+02  0.130878527935329E-15
  0.547445541163847E+02 -0.141838289856175E-10
  0.552026648777594E+02  0.128715296142591E-15
  0.556646091797132E+02 -0.141836884587747E-10
  0.561304191018971E+02  0.126587819426434E-15
  0.566001269924095E+02 -0.141835502650625E-10
  0.570737654700428E+02  0.124495506807423E-15
  0.575513674265483E+02 -0.141834143640734E-10
  0.580329660289203E+02  0.122437777074156E-15
  0.585185947217000E+02 -0.141832806957234E-10
  0.590082872292970E+02  0.120414058621807E-15
  0.595020775583326E+02 -0.141831492519008E-10
  0.600000000000000E+02  0.118423789293350E-15
