#     Ultrasoft pseudopotential             : W 
#              by  GGA (PBE)  / scalar relativistic atomic calculation.
#
#     ---- valence electron configuration for constructing pp. ----
#      5D        6S        6P    
#      4.0000    1.0000    0.0000
#     ------------------------------
#C 1599 (0.1795296494D+01 )   : R_cut_local-V
#L  0.1000000000D+03          : 1 / logarithmic mesh
#Z  0.6000000000D+01          : core charge         
#  r [ bohr ]        local potential 
  0.206115362243900D-06 -0.100000000000000D+00
  0.208186856073065D-06 -0.100000000000000D+00
  0.210279168761327D-06 -0.100000000000000D+00
  0.212392509541698D-06 -0.100000000000000D+00
  0.214527089750018D-06 -0.100000000000000D+00
  0.216683122846086D-06 -0.100000000000000D+00
  0.218860824435009D-06 -0.100000000000000D+00
  0.221060412288759D-06 -0.100000000000000D+00
  0.223282106367956D-06 -0.100000000000000D+00
  0.225526128843859D-06 -0.100000000000000D+00
  0.227792704120585D-06 -0.100000000000000D+00
  0.230082058857552D-06 -0.100000000000000D+00
  0.232394421992140D-06 -0.100000000000000D+00
  0.234730024762589D-06 -0.100000000000000D+00
  0.237089100731124D-06 -0.100000000000000D+00
  0.239471885807307D-06 -0.100000000000000D+00
  0.241878618271631D-06 -0.100000000000000D+00
  0.244309538799349D-06 -0.100000000000000D+00
  0.246764890484538D-06 -0.100000000000000D+00
  0.249244918864414D-06 -0.100000000000000D+00
  0.251749871943882D-06 -0.100000000000000D+00
  0.254280000220335D-06 -0.100000000000000D+00
  0.256835556708712D-06 -0.100000000000000D+00
  0.259416796966790D-06 -0.100000000000000D+00
  0.262023979120746D-06 -0.100000000000000D+00
  0.264657363890968D-06 -0.100000000000000D+00
  0.267317214618127D-06 -0.100000000000000D+00
  0.270003797289514D-06 -0.100000000000000D+00
  0.272717380565633D-06 -0.100000000000000D+00
  0.275458235807075D-06 -0.100000000000000D+00
  0.278226637101646D-06 -0.100000000000000D+00
  0.281022861291784D-06 -0.100000000000000D+00
  0.283847188002237D-06 -0.100000000000000D+00
  0.286699899668031D-06 -0.100000000000000D+00
  0.289581281562709D-06 -0.100000000000000D+00
  0.292491621826861D-06 -0.100000000000000D+00
  0.295431211496941D-06 -0.100000000000000D+00
  0.298400344534363D-06 -0.100000000000000D+00
  0.301399317854907D-06 -0.100000000000000D+00
  0.304428431358403D-06 -0.100000000000000D+00
  0.307487987958726D-06 -0.100000000000000D+00
  0.310578293614086D-06 -0.100000000000000D+00
  0.313699657357623D-06 -0.100000000000000D+00
  0.316852391328313D-06 -0.100000000000000D+00
  0.320036810802181D-06 -0.100000000000000D+00
  0.323253234223827D-06 -0.100000000000000D+00
  0.326501983238274D-06 -0.100000000000000D+00
  0.329783382723131D-06 -0.100000000000000D+00
  0.333097760821081D-06 -0.100000000000000D+00
  0.336445448972695D-06 -0.100000000000000D+00
  0.339826781949578D-06 -0.100000000000000D+00
  0.343242097887847D-06 -0.100000000000000D+00
  0.346691738321940D-06 -0.100000000000000D+00
  0.350176048218776D-06 -0.100000000000000D+00
  0.353695376012248D-06 -0.100000000000000D+00
  0.357250073638069D-06 -0.100000000000000D+00
  0.360840496568963D-06 -0.100000000000000D+00
  0.364467003850215D-06 -0.100000000000000D+00
  0.368129958135576D-06 -0.100000000000000D+00
  0.371829725723526D-06 -0.100000000000000D+00
  0.375566676593908D-06 -0.100000000000000D+00
  0.379341184444922D-06 -0.100000000000000D+00
  0.383153626730500D-06 -0.100000000000000D+00
  0.387004384698047D-06 -0.100000000000000D+00
  0.390893843426567D-06 -0.100000000000000D+00
  0.394822391865177D-06 -0.100000000000000D+00
  0.398790422871993D-06 -0.100000000000000D+00
  0.402798333253422D-06 -0.100000000000000D+00
  0.406846523803844D-06 -0.100000000000000D+00
  0.410935399345685D-06 -0.100000000000000D+00
  0.415065368769909D-06 -0.100000000000000D+00
  0.419236845076898D-06 -0.100000000000000D+00
  0.423450245417760D-06 -0.100000000000000D+00
  0.427705991136041D-06 -0.100000000000000D+00
  0.432004507809858D-06 -0.100000000000000D+00
  0.436346225294460D-06 -0.100000000000000D+00
  0.440731577765216D-06 -0.100000000000000D+00
  0.445161003761025D-06 -0.100000000000000D+00
  0.449634946228179D-06 -0.100000000000000D+00
  0.454153852564653D-06 -0.100000000000000D+00
  0.458718174664847D-06 -0.100000000000000D+00
  0.463328368964773D-06 -0.100000000000000D+00
  0.467984896487704D-06 -0.100000000000000D+00
  0.472688222890272D-06 -0.100000000000000D+00
  0.477438818509038D-06 -0.100000000000000D+00
  0.482237158407522D-06 -0.100000000000000D+00
  0.487083722423712D-06 -0.100000000000000D+00
  0.491978995218048D-06 -0.100000000000000D+00
  0.496923466321891D-06 -0.100000000000000D+00
  0.501917630186470D-06 -0.100000000000000D+00
  0.506961986232333D-06 -0.100000000000000D+00
  0.512057038899290D-06 -0.100000000000000D+00
  0.517203297696852D-06 -0.100000000000000D+00
  0.522401277255188D-06 -0.100000000000000D+00
  0.527651497376586D-06 -0.100000000000000D+00
  0.532954483087432D-06 -0.100000000000000D+00
  0.538310764690717D-06 -0.100000000000000D+00
  0.543720877819065D-06 -0.100000000000000D+00
  0.549185363488297D-06 -0.100000000000000D+00
  0.554704768151534D-06 -0.100000000000000D+00
  0.560279643753841D-06 -0.100000000000000D+00
  0.565910547787425D-06 -0.100000000000000D+00
  0.571598043347382D-06 -0.100000000000000D+00
  0.577342699188007D-06 -0.100000000000000D+00
  0.583145089779671D-06 -0.100000000000000D+00
  0.589005795366269D-06 -0.100000000000000D+00
  0.594925402023243D-06 -0.100000000000000D+00
  0.600904501716192D-06 -0.100000000000000D+00
  0.606943692360069D-06 -0.100000000000000D+00
  0.613043577878969D-06 -0.100000000000000D+00
  0.619204768266529D-06 -0.100000000000000D+00
  0.625427879646921D-06 -0.100000000000000D+00
  0.631713534336469D-06 -0.100000000000000D+00
  0.638062360905881D-06 -0.100000000000000D+00
  0.644474994243104D-06 -0.100000000000000D+00
  0.650952075616815D-06 -0.100000000000000D+00
  0.657494252740550D-06 -0.100000000000000D+00
  0.664102179837473D-06 -0.100000000000000D+00
  0.670776517705800D-06 -0.100000000000000D+00
  0.677517933784879D-06 -0.100000000000000D+00
  0.684327102221938D-06 -0.100000000000000D+00
  0.691204703939493D-06 -0.100000000000000D+00
  0.698151426703447D-06 -0.100000000000000D+00
  0.705167965191867D-06 -0.100000000000000D+00
  0.712255021064448D-06 -0.100000000000000D+00
  0.719413303032684D-06 -0.100000000000000D+00
  0.726643526930735D-06 -0.100000000000000D+00
  0.733946415787018D-06 -0.100000000000000D+00
  0.741322699896504D-06 -0.100000000000000D+00
  0.748773116893750D-06 -0.100000000000000D+00
  0.756298411826666D-06 -0.100000000000000D+00
  0.763899337231015D-06 -0.100000000000000D+00
  0.771576653205671D-06 -0.100000000000000D+00
  0.779331127488632D-06 -0.100000000000000D+00
  0.787163535533785D-06 -0.100000000000000D+00
  0.795074660588464D-06 -0.100000000000000D+00
  0.803065293771766D-06 -0.100000000000000D+00
  0.811136234153669D-06 -0.100000000000000D+00
  0.819288288834936D-06 -0.100000000000000D+00
  0.827522273027829D-06 -0.100000000000000D+00
  0.835839010137629D-06 -0.100000000000000D+00
  0.844239331844978D-06 -0.100000000000000D+00
  0.852724078189047D-06 -0.100000000000000D+00
  0.861294097651540D-06 -0.100000000000000D+00
  0.869950247241545D-06 -0.100000000000000D+00
  0.878693392581236D-06 -0.100000000000000D+00
  0.887524407992432D-06 -0.100000000000000D+00
  0.896444176584033D-06 -0.100000000000000D+00
  0.905453590340332D-06 -0.100000000000000D+00
  0.914553550210212D-06 -0.100000000000000D+00
  0.923744966197244D-06 -0.100000000000000D+00
  0.933028757450685D-06 -0.100000000000000D+00
  0.942405852357398D-06 -0.100000000000000D+00
  0.951877188634687D-06 -0.100000000000000D+00
  0.961443713424074D-06 -0.100000000000000D+00
  0.971106383386009D-06 -0.100000000000000D+00
  0.980866164795540D-06 -0.100000000000000D+00
  0.990724033638943D-06 -0.100000000000000D+00
  0.100068097571131D-05 -0.100000000000000D+00
  0.101073798671516D-05 -0.100000000000000D+00
  0.102089607235996D-05 -0.100000000000000D+00
  0.103115624846275D-05 -0.100000000000000D+00
  0.104151954104969D-05 -0.100000000000000D+00
  0.105198698645866D-05 -0.100000000000000D+00
  0.106255963144294D-05 -0.100000000000000D+00
  0.107323853327584D-05 -0.100000000000000D+00
  0.108402475985643D-05 -0.100000000000000D+00
  0.109491938981636D-05 -0.100000000000000D+00
  0.110592351262771D-05 -0.100000000000000D+00
  0.111703822871193D-05 -0.100000000000000D+00
  0.112826464954988D-05 -0.100000000000000D+00
  0.113960389779302D-05 -0.100000000000000D+00
  0.115105710737561D-05 -0.100000000000000D+00
  0.116262542362815D-05 -0.100000000000000D+00
  0.117431000339192D-05 -0.100000000000000D+00
  0.118611201513462D-05 -0.100000000000000D+00
  0.119803263906726D-05 -0.100000000000000D+00
  0.121007306726217D-05 -0.100000000000000D+00
  0.122223450377221D-05 -0.100000000000000D+00
  0.123451816475115D-05 -0.100000000000000D+00
  0.124692527857534D-05 -0.100000000000000D+00
  0.125945708596650D-05 -0.100000000000000D+00
  0.127211484011580D-05 -0.100000000000000D+00
  0.128489980680921D-05 -0.100000000000000D+00
  0.129781326455406D-05 -0.100000000000000D+00
  0.131085650470688D-05 -0.100000000000000D+00
  0.132403083160255D-05 -0.100000000000000D+00
  0.133733756268475D-05 -0.100000000000000D+00
  0.135077802863766D-05 -0.100000000000000D+00
  0.136435357351909D-05 -0.100000000000000D+00
  0.137806555489484D-05 -0.100000000000000D+00
  0.139191534397447D-05 -0.100000000000000D+00
  0.140590432574843D-05 -0.100000000000000D+00
  0.142003389912656D-05 -0.100000000000000D+00
  0.143430547707796D-05 -0.100000000000000D+00
  0.144872048677233D-05 -0.100000000000000D+00
  0.146328036972265D-05 -0.100000000000000D+00
  0.147798658192935D-05 -0.100000000000000D+00
  0.149284059402590D-05 -0.100000000000000D+00
  0.150784389142589D-05 -0.100000000000000D+00
  0.152299797447156D-05 -0.100000000000000D+00
  0.153830435858385D-05 -0.100000000000000D+00
  0.155376457441392D-05 -0.100000000000000D+00
  0.156938016799624D-05 -0.100000000000000D+00
  0.158515270090318D-05 -0.100000000000000D+00
  0.160108375040118D-05 -0.100000000000000D+00
  0.161717490960846D-05 -0.100000000000000D+00
  0.163342778765434D-05 -0.100000000000000D+00
  0.164984400984019D-05 -0.100000000000000D+00
  0.166642521780190D-05 -0.100000000000000D+00
  0.168317306967408D-05 -0.100000000000000D+00
  0.170008924025588D-05 -0.100000000000000D+00
  0.171717542117845D-05 -0.100000000000000D+00
  0.173443332107412D-05 -0.100000000000000D+00
  0.175186466574726D-05 -0.100000000000000D+00
  0.176947119834687D-05 -0.100000000000000D+00
  0.178725467954088D-05 -0.100000000000000D+00
  0.180521688769222D-05 -0.100000000000000D+00
  0.182335961903669D-05 -0.100000000000000D+00
  0.184168468786254D-05 -0.100000000000000D+00
  0.186019392669191D-05 -0.100000000000000D+00
  0.187888918646412D-05 -0.100000000000000D+00
  0.189777233672072D-05 -0.100000000000000D+00
  0.191684526579247D-05 -0.100000000000000D+00
  0.193610988098818D-05 -0.100000000000000D+00
  0.195556810878542D-05 -0.100000000000000D+00
  0.197522189502319D-05 -0.100000000000000D+00
  0.199507320509648D-05 -0.100000000000000D+00
  0.201512402415284D-05 -0.100000000000000D+00
  0.203537635729090D-05 -0.100000000000000D+00
  0.205583222976084D-05 -0.100000000000000D+00
  0.207649368716695D-05 -0.100000000000000D+00
  0.209736279567220D-05 -0.100000000000000D+00
  0.211844164220482D-05 -0.100000000000000D+00
  0.213973233466704D-05 -0.100000000000000D+00
  0.216123700214584D-05 -0.100000000000000D+00
  0.218295779512589D-05 -0.100000000000000D+00
  0.220489688570460D-05 -0.100000000000000D+00
  0.222705646780929D-05 -0.100000000000000D+00
  0.224943875741665D-05 -0.100000000000000D+00
  0.227204599277429D-05 -0.100000000000000D+00
  0.229488043462459D-05 -0.100000000000000D+00
  0.231794436643075D-05 -0.100000000000000D+00
  0.234124009460519D-05 -0.100000000000000D+00
  0.236476994874012D-05 -0.100000000000000D+00
  0.238853628184058D-05 -0.100000000000000D+00
  0.241254147055967D-05 -0.100000000000000D+00
  0.243678791543628D-05 -0.100000000000000D+00
  0.246127804113510D-05 -0.100000000000000D+00
  0.248601429668910D-05 -0.100000000000000D+00
  0.251099915574446D-05 -0.100000000000000D+00
  0.253623511680789D-05 -0.100000000000000D+00
  0.256172470349655D-05 -0.100000000000000D+00
  0.258747046479033D-05 -0.100000000000000D+00
  0.261347497528682D-05 -0.100000000000000D+00
  0.263974083545874D-05 -0.100000000000000D+00
  0.266627067191400D-05 -0.100000000000000D+00
  0.269306713765836D-05 -0.100000000000000D+00
  0.272013291236071D-05 -0.100000000000000D+00
  0.274747070262107D-05 -0.100000000000000D+00
  0.277508324224127D-05 -0.100000000000000D+00
  0.280297329249827D-05 -0.100000000000000D+00
  0.283114364242034D-05 -0.100000000000000D+00
  0.285959710906594D-05 -0.100000000000000D+00
  0.288833653780546D-05 -0.100000000000000D+00
  0.291736480260571D-05 -0.100000000000000D+00
  0.294668480631737D-05 -0.100000000000000D+00
  0.297629948096524D-05 -0.100000000000000D+00
  0.300621178804146D-05 -0.100000000000000D+00
  0.303642471880167D-05 -0.100000000000000D+00
  0.306694129456413D-05 -0.100000000000000D+00
  0.309776456701183D-05 -0.100000000000000D+00
  0.312889761849772D-05 -0.100000000000000D+00
  0.316034356235287D-05 -0.100000000000000D+00
  0.319210554319790D-05 -0.100000000000000D+00
  0.322418673725733D-05 -0.100000000000000D+00
  0.325659035267733D-05 -0.100000000000000D+00
  0.328931962984642D-05 -0.100000000000000D+00
  0.332237784171961D-05 -0.100000000000000D+00
  0.335576829414563D-05 -0.100000000000000D+00
  0.338949432619755D-05 -0.100000000000000D+00
  0.342355931050667D-05 -0.100000000000000D+00
  0.345796665359983D-05 -0.100000000000000D+00
  0.349271979623999D-05 -0.100000000000000D+00
  0.352782221377038D-05 -0.100000000000000D+00
  0.356327741646201D-05 -0.100000000000000D+00
  0.359908894986469D-05 -0.100000000000000D+00
  0.363526039516162D-05 -0.100000000000000D+00
  0.367179536952745D-05 -0.100000000000000D+00
  0.370869752649008D-05 -0.100000000000000D+00
  0.374597055629594D-05 -0.100000000000000D+00
  0.378361818627909D-05 -0.100000000000000D+00
  0.382164418123389D-05 -0.100000000000000D+00
  0.386005234379153D-05 -0.100000000000000D+00
  0.389884651480027D-05 -0.100000000000000D+00
  0.393803057370954D-05 -0.100000000000000D+00
  0.397760843895788D-05 -0.100000000000000D+00
  0.401758406836480D-05 -0.100000000000000D+00
  0.405796145952656D-05 -0.100000000000000D+00
  0.409874465021592D-05 -0.100000000000000D+00
  0.413993771878593D-05 -0.100000000000000D+00
  0.418154478457777D-05 -0.100000000000000D+00
  0.422357000833271D-05 -0.100000000000000D+00
  0.426601759260814D-05 -0.100000000000000D+00
  0.430889178219785D-05 -0.100000000000000D+00
  0.435219686455653D-05 -0.100000000000000D+00
  0.439593717022852D-05 -0.100000000000000D+00
  0.444011707328082D-05 -0.100000000000000D+00
  0.448474099174056D-05 -0.100000000000000D+00
  0.452981338803677D-05 -0.100000000000000D+00
  0.457533876944664D-05 -0.100000000000000D+00
  0.462132168854625D-05 -0.100000000000000D+00
  0.466776674366583D-05 -0.100000000000000D+00
  0.471467857934959D-05 -0.100000000000000D+00
  0.476206188682020D-05 -0.100000000000000D+00
  0.480992140444789D-05 -0.100000000000000D+00
  0.485826191822431D-05 -0.100000000000000D+00
  0.490708826224112D-05 -0.100000000000000D+00
  0.495640531917340D-05 -0.100000000000000D+00
  0.500621802076795D-05 -0.100000000000000D+00
  0.505653134833644D-05 -0.100000000000000D+00
  0.510735033325355D-05 -0.100000000000000D+00
  0.515868005746013D-05 -0.100000000000000D+00
  0.521052565397137D-05 -0.100000000000000D+00
  0.526289230739013D-05 -0.100000000000000D+00
  0.531578525442538D-05 -0.100000000000000D+00
  0.536920978441591D-05 -0.100000000000000D+00
  0.542317123985924D-05 -0.100000000000000D+00
  0.547767501694588D-05 -0.100000000000000D+00
  0.553272656609896D-05 -0.100000000000000D+00
  0.558833139251927D-05 -0.100000000000000D+00
  0.564449505673579D-05 -0.100000000000000D+00
  0.570122317516174D-05 -0.100000000000000D+00
  0.575852142065625D-05 -0.100000000000000D+00
  0.581639552309160D-05 -0.100000000000000D+00
  0.587485126992628D-05 -0.100000000000000D+00
  0.593389450678368D-05 -0.100000000000000D+00
  0.599353113803668D-05 -0.100000000000000D+00
  0.605376712739811D-05 -0.100000000000000D+00
  0.611460849851711D-05 -0.100000000000000D+00
  0.617606133558148D-05 -0.100000000000000D+00
  0.623813178392614D-05 -0.100000000000000D+00
  0.630082605064766D-05 -0.100000000000000D+00
  0.636415040522494D-05 -0.100000000000000D+00
  0.642811118014623D-05 -0.100000000000000D+00
  0.649271477154231D-05 -0.100000000000000D+00
  0.655796763982615D-05 -0.100000000000000D+00
  0.662387631033897D-05 -0.100000000000000D+00
  0.669044737400274D-05 -0.100000000000000D+00
  0.675768748797930D-05 -0.100000000000000D+00
  0.682560337633608D-05 -0.100000000000000D+00
  0.689420183071852D-05 -0.100000000000000D+00
  0.696348971102922D-05 -0.100000000000000D+00
  0.703347394611395D-05 -0.100000000000000D+00
  0.710416153445453D-05 -0.100000000000000D+00
  0.717555954486872D-05 -0.100000000000000D+00
  0.724767511721705D-05 -0.100000000000000D+00
  0.732051546311685D-05 -0.100000000000000D+00
  0.739408786666341D-05 -0.100000000000000D+00
  0.746839968515839D-05 -0.100000000000000D+00
  0.754345834984558D-05 -0.100000000000000D+00
  0.761927136665399D-05 -0.100000000000000D+00
  0.769584631694848D-05 -0.100000000000000D+00
  0.777319085828789D-05 -0.100000000000000D+00
  0.785131272519081D-05 -0.100000000000000D+00
  0.793021972990903D-05 -0.100000000000000D+00
  0.800991976320878D-05 -0.100000000000000D+00
  0.809042079515981D-05 -0.100000000000000D+00
  0.817173087593239D-05 -0.100000000000000D+00
  0.825385813660237D-05 -0.100000000000000D+00
  0.833681078996424D-05 -0.100000000000000D+00
  0.842059713135248D-05 -0.100000000000000D+00
  0.850522553947103D-05 -0.100000000000000D+00
  0.859070447723125D-05 -0.100000000000000D+00
  0.867704249259813D-05 -0.100000000000000D+00
  0.876424821944517D-05 -0.100000000000000D+00
  0.885233037841771D-05 -0.100000000000000D+00
  0.894129777780507D-05 -0.100000000000000D+00
  0.903115931442131D-05 -0.100000000000000D+00
  0.912192397449498D-05 -0.100000000000000D+00
  0.921360083456774D-05 -0.100000000000000D+00
  0.930619906240197D-05 -0.100000000000000D+00
  0.939972791789764D-05 -0.100000000000000D+00
  0.949419675401823D-05 -0.100000000000000D+00
  0.958961501772608D-05 -0.100000000000000D+00
  0.968599225092707D-05 -0.100000000000000D+00
  0.978333809142484D-05 -0.100000000000000D+00
  0.988166227388456D-05 -0.100000000000000D+00
  0.998097463080642D-05 -0.100000000000000D+00
  0.100812850935089D-04 -0.100000000000000D+00
  0.101826036931218D-04 -0.100000000000000D+00
  0.102849405615895D-04 -0.100000000000000D+00
  0.103883059326842D-04 -0.100000000000000D+00
  0.104927101430291D-04 -0.100000000000000D+00
  0.105981636331323D-04 -0.100000000000000D+00
  0.107046769484307D-04 -0.100000000000000D+00
  0.108122607403444D-04 -0.100000000000000D+00
  0.109209257673425D-04 -0.100000000000000D+00
  0.110306828960181D-04 -0.100000000000000D+00
  0.111415431021755D-04 -0.100000000000000D+00
  0.112535174719278D-04 -0.100000000000000D+00
  0.113666172028053D-04 -0.100000000000000D+00
  0.114808536048753D-04 -0.100000000000000D+00
  0.115962381018732D-04 -0.100000000000000D+00
  0.117127822323448D-04 -0.100000000000000D+00
  0.118304976508003D-04 -0.100000000000000D+00
  0.119493961288797D-04 -0.100000000000000D+00
  0.120694895565299D-04 -0.100000000000000D+00
  0.121907899431936D-04 -0.100000000000000D+00
  0.123133094190107D-04 -0.100000000000000D+00
  0.124370602360308D-04 -0.100000000000000D+00
  0.125620547694388D-04 -0.100000000000000D+00
  0.126883055187921D-04 -0.100000000000000D+00
  0.128158251092710D-04 -0.100000000000000D+00
  0.129446262929406D-04 -0.100000000000000D+00
  0.130747219500268D-04 -0.100000000000000D+00
  0.132061250902036D-04 -0.100000000000000D+00
  0.133388488538946D-04 -0.100000000000000D+00
  0.134729065135867D-04 -0.100000000000000D+00
  0.136083114751576D-04 -0.100000000000000D+00
  0.137450772792163D-04 -0.100000000000000D+00
  0.138832176024572D-04 -0.100000000000000D+00
  0.140227462590278D-04 -0.100000000000000D+00
  0.141636772019099D-04 -0.100000000000000D+00
  0.143060245243153D-04 -0.100000000000000D+00
  0.144498024610949D-04 -0.100000000000000D+00
  0.145950253901621D-04 -0.100000000000000D+00
  0.147417078339309D-04 -0.100000000000000D+00
  0.148898644607679D-04 -0.100000000000000D+00
  0.150395100864592D-04 -0.100000000000000D+00
  0.151906596756922D-04 -0.100000000000000D+00
  0.153433283435516D-04 -0.100000000000000D+00
  0.154975313570316D-04 -0.100000000000000D+00
  0.156532841365619D-04 -0.100000000000000D+00
  0.158106022575503D-04 -0.100000000000000D+00
  0.159695014519400D-04 -0.100000000000000D+00
  0.161299976097828D-04 -0.100000000000000D+00
  0.162921067808284D-04 -0.100000000000000D+00
  0.164558451761288D-04 -0.100000000000000D+00
  0.166212291696601D-04 -0.100000000000000D+00
  0.167882752999594D-04 -0.100000000000000D+00
  0.169570002717790D-04 -0.100000000000000D+00
  0.171274209577567D-04 -0.100000000000000D+00
  0.172995544001030D-04 -0.100000000000000D+00
  0.174734178123057D-04 -0.100000000000000D+00
  0.176490285808509D-04 -0.100000000000000D+00
  0.178264042669617D-04 -0.100000000000000D+00
  0.180055626083546D-04 -0.100000000000000D+00
  0.181865215210130D-04 -0.100000000000000D+00
  0.183692991009790D-04 -0.100000000000000D+00
  0.185539136261629D-04 -0.100000000000000D+00
  0.187403835581710D-04 -0.100000000000000D+00
  0.189287275441521D-04 -0.100000000000000D+00
  0.191189644186615D-04 -0.100000000000000D+00
  0.193111132055453D-04 -0.100000000000000D+00
  0.195051931198423D-04 -0.100000000000000D+00
  0.197012235697057D-04 -0.100000000000000D+00
  0.198992241583438D-04 -0.100000000000000D+00
  0.200992146859804D-04 -0.100000000000000D+00
  0.203012151518351D-04 -0.100000000000000D+00
  0.205052457561227D-04 -0.100000000000000D+00
  0.207113269020736D-04 -0.100000000000000D+00
  0.209194791979743D-04 -0.100000000000000D+00
  0.211297234592277D-04 -0.100000000000000D+00
  0.213420807104352D-04 -0.100000000000000D+00
  0.215565721874989D-04 -0.100000000000000D+00
  0.217732193397452D-04 -0.100000000000000D+00
  0.219920438320699D-04 -0.100000000000000D+00
  0.222130675471045D-04 -0.100000000000000D+00
  0.224363125874048D-04 -0.100000000000000D+00
  0.226618012776608D-04 -0.100000000000000D+00
  0.228895561669295D-04 -0.100000000000000D+00
  0.231196000308896D-04 -0.100000000000000D+00
  0.233519558741192D-04 -0.100000000000000D+00
  0.235866469323962D-04 -0.100000000000000D+00
  0.238236966750221D-04 -0.100000000000000D+00
  0.240631288071686D-04 -0.100000000000000D+00
  0.243049672722485D-04 -0.100000000000000D+00
  0.245492362543098D-04 -0.100000000000000D+00
  0.247959601804544D-04 -0.100000000000000D+00
  0.250451637232803D-04 -0.100000000000000D+00
  0.252968718033496D-04 -0.100000000000000D+00
  0.255511095916800D-04 -0.100000000000000D+00
  0.258079025122623D-04 -0.100000000000000D+00
  0.260672762446025D-04 -0.100000000000000D+00
  0.263292567262899D-04 -0.100000000000000D+00
  0.265938701555910D-04 -0.100000000000000D+00
  0.268611429940694D-04 -0.100000000000000D+00
  0.271311019692315D-04 -0.100000000000000D+00
  0.274037740771999D-04 -0.100000000000000D+00
  0.276791865854126D-04 -0.100000000000000D+00
  0.279573670353498D-04 -0.100000000000000D+00
  0.282383432452885D-04 -0.100000000000000D+00
  0.285221433130837D-04 -0.100000000000000D+00
  0.288087956189788D-04 -0.100000000000000D+00
  0.290983288284432D-04 -0.100000000000000D+00
  0.293907718950391D-04 -0.100000000000000D+00
  0.296861540633169D-04 -0.100000000000000D+00
  0.299845048717396D-04 -0.100000000000000D+00
  0.302858541556366D-04 -0.100000000000000D+00
  0.305902320501875D-04 -0.100000000000000D+00
  0.308976689934354D-04 -0.100000000000000D+00
  0.312081957293307D-04 -0.100000000000000D+00
  0.315218433108059D-04 -0.100000000000000D+00
  0.318386431028805D-04 -0.100000000000000D+00
  0.321586267857976D-04 -0.100000000000000D+00
  0.324818263581923D-04 -0.100000000000000D+00
  0.328082741402910D-04 -0.100000000000000D+00
  0.331380027771441D-04 -0.100000000000000D+00
  0.334710452418901D-04 -0.100000000000000D+00
  0.338074348390528D-04 -0.100000000000000D+00
  0.341472052078724D-04 -0.100000000000000D+00
  0.344903903256689D-04 -0.100000000000000D+00
  0.348370245112400D-04 -0.100000000000000D+00
  0.351871424282933D-04 -0.100000000000000D+00
  0.355407790889120D-04 -0.100000000000000D+00
  0.358979698570571D-04 -0.100000000000000D+00
  0.362587504521029D-04 -0.100000000000000D+00
  0.366231569524097D-04 -0.100000000000000D+00
  0.369912257989311D-04 -0.100000000000000D+00
  0.373629937988586D-04 -0.100000000000000D+00
  0.377384981293018D-04 -0.100000000000000D+00
  0.381177763410069D-04 -0.100000000000000D+00
  0.385008663621109D-04 -0.100000000000000D+00
  0.388878065019354D-04 -0.100000000000000D+00
  0.392786354548166D-04 -0.100000000000000D+00
  0.396733923039757D-04 -0.100000000000000D+00
  0.400721165254264D-04 -0.100000000000000D+00
  0.404748479919231D-04 -0.100000000000000D+00
  0.408816269769483D-04 -0.100000000000000D+00
  0.412924941587392D-04 -0.100000000000000D+00
  0.417074906243566D-04 -0.100000000000000D+00
  0.421266578737927D-04 -0.100000000000000D+00
  0.425500378241219D-04 -0.100000000000000D+00
  0.429776728136920D-04 -0.100000000000000D+00
  0.434096056063583D-04 -0.100000000000000D+00
  0.438458793957601D-04 -0.100000000000000D+00
  0.442865378096397D-04 -0.100000000000000D+00
  0.447316249142059D-04 -0.100000000000000D+00
  0.451811852185400D-04 -0.100000000000000D+00
  0.456352636790471D-04 -0.100000000000000D+00
  0.460939057039516D-04 -0.100000000000000D+00
  0.465571571578382D-04 -0.100000000000000D+00
  0.470250643662383D-04 -0.100000000000000D+00
  0.474976741202628D-04 -0.100000000000000D+00
  0.479750336812808D-04 -0.100000000000000D+00
  0.484571907856462D-04 -0.100000000000000D+00
  0.489441936494714D-04 -0.100000000000000D+00
  0.494360909734484D-04 -0.100000000000000D+00
  0.499329319477197D-04 -0.100000000000000D+00
  0.504347662567967D-04 -0.100000000000000D+00
  0.509416440845284D-04 -0.100000000000000D+00
  0.514536161191202D-04 -0.100000000000000D+00
  0.519707335582020D-04 -0.100000000000000D+00
  0.524930481139487D-04 -0.100000000000000D+00
  0.530206120182511D-04 -0.100000000000000D+00
  0.535534780279394D-04 -0.100000000000000D+00
  0.540916994300585D-04 -0.100000000000000D+00
  0.546353300471972D-04 -0.100000000000000D+00
  0.551844242428702D-04 -0.100000000000000D+00
  0.557390369269546D-04 -0.100000000000000D+00
  0.562992235611811D-04 -0.100000000000000D+00
  0.568650401646799D-04 -0.100000000000000D+00
  0.574365433195829D-04 -0.100000000000000D+00
  0.580137901766817D-04 -0.100000000000000D+00
  0.585968384611432D-04 -0.100000000000000D+00
  0.591857464782817D-04 -0.100000000000000D+00
  0.597805731193897D-04 -0.100000000000000D+00
  0.603813778676268D-04 -0.100000000000000D+00
  0.609882208039688D-04 -0.100000000000000D+00
  0.616011626132148D-04 -0.100000000000000D+00
  0.622202645900566D-04 -0.100000000000000D+00
  0.628455886452078D-04 -0.100000000000000D+00
  0.634771973115950D-04 -0.100000000000000D+00
  0.641151537506113D-04 -0.100000000000000D+00
  0.647595217584320D-04 -0.100000000000000D+00
  0.654103657723951D-04 -0.100000000000000D+00
  0.660677508774442D-04 -0.100000000000000D+00
  0.667317428126377D-04 -0.100000000000000D+00
  0.674024079777224D-04 -0.100000000000000D+00
  0.680798134397738D-04 -0.100000000000000D+00
  0.687640269399025D-04 -0.100000000000000D+00
  0.694551169000287D-04 -0.100000000000000D+00
  0.701531524297244D-04 -0.100000000000000D+00
  0.708582033331243D-04 -0.100000000000000D+00
  0.715703401159061D-04 -0.100000000000000D+00
  0.722896339923417D-04 -0.100000000000000D+00
  0.730161568924181D-04 -0.100000000000000D+00
  0.737499814690307D-04 -0.100000000000000D+00
  0.744911811052487D-04 -0.100000000000000D+00
  0.752398299216535D-04 -0.100000000000000D+00
  0.759960027837505D-04 -0.100000000000000D+00
  0.767597753094561D-04 -0.100000000000000D+00
  0.775312238766593D-04 -0.100000000000000D+00
  0.783104256308598D-04 -0.100000000000000D+00
  0.790974584928822D-04 -0.100000000000000D+00
  0.798924011666687D-04 -0.100000000000000D+00
  0.806953331471491D-04 -0.100000000000000D+00
  0.815063347281906D-04 -0.100000000000000D+00
  0.823254870106270D-04 -0.100000000000000D+00
  0.831528719103693D-04 -0.100000000000000D+00
  0.839885721665969D-04 -0.100000000000000D+00
  0.848326713500319D-04 -0.100000000000000D+00
  0.856852538712960D-04 -0.100000000000000D+00
  0.865464049893519D-04 -0.100000000000000D+00
  0.874162108200290D-04 -0.100000000000000D+00
  0.882947583446351D-04 -0.100000000000000D+00
  0.891821354186549D-04 -0.100000000000000D+00
  0.900784307805353D-04 -0.100000000000000D+00
  0.909837340605593D-04 -0.100000000000000D+00
  0.918981357898095D-04 -0.100000000000000D+00
  0.928217274092206D-04 -0.100000000000000D+00
  0.937546012787244D-04 -0.100000000000000D+00
  0.946968506864851D-04 -0.100000000000000D+00
  0.956485698582288D-04 -0.100000000000000D+00
  0.966098539666657D-04 -0.100000000000000D+00
  0.975807991410077D-04 -0.100000000000000D+00
  0.985615024765815D-04 -0.100000000000000D+00
  0.995520620445378D-04 -0.100000000000000D+00
  0.100552576901659D-03 -0.100000000000000D+00
  0.101563147100264D-03 -0.100000000000000D+00
  0.102583873698216D-03 -0.100000000000000D+00
  0.103614858769024D-03 -0.100000000000000D+00
  0.104656205412055D-03 -0.100000000000000D+00
  0.105708017762841D-03 -0.100000000000000D+00
  0.106770401003494D-03 -0.100000000000000D+00
  0.107843461373223D-03 -0.100000000000000D+00
  0.108927306178959D-03 -0.100000000000000D+00
  0.110022043806086D-03 -0.100000000000000D+00
  0.111127783729278D-03 -0.100000000000000D+00
  0.112244636523451D-03 -0.100000000000000D+00
  0.113372713874813D-03 -0.100000000000000D+00
  0.114512128592041D-03 -0.100000000000000D+00
  0.115662994617554D-03 -0.100000000000000D+00
  0.116825427038916D-03 -0.100000000000000D+00
  0.117999542100336D-03 -0.100000000000000D+00
  0.119185457214300D-03 -0.100000000000000D+00
  0.120383290973307D-03 -0.100000000000000D+00
  0.121593163161731D-03 -0.100000000000000D+00
  0.122815194767798D-03 -0.100000000000000D+00
  0.124049507995689D-03 -0.100000000000000D+00
  0.125296226277755D-03 -0.100000000000000D+00
  0.126555474286862D-03 -0.100000000000000D+00
  0.127827377948861D-03 -0.100000000000000D+00
  0.129112064455178D-03 -0.100000000000000D+00
  0.130409662275535D-03 -0.100000000000000D+00
  0.131720301170794D-03 -0.100000000000000D+00
  0.133044112205937D-03 -0.100000000000000D+00
  0.134381227763172D-03 -0.100000000000000D+00
  0.135731781555167D-03 -0.100000000000000D+00
  0.137095908638428D-03 -0.100000000000000D+00
  0.138473745426800D-03 -0.100000000000000D+00
  0.139865429705110D-03 -0.100000000000000D+00
  0.141271100642946D-03 -0.100000000000000D+00
  0.142690898808571D-03 -0.100000000000000D+00
  0.144124966182988D-03 -0.100000000000000D+00
  0.145573446174127D-03 -0.100000000000000D+00
  0.147036483631195D-03 -0.100000000000000D+00
  0.148514224859157D-03 -0.100000000000000D+00
  0.150006817633367D-03 -0.100000000000000D+00
  0.151514411214347D-03 -0.100000000000000D+00
  0.153037156362710D-03 -0.100000000000000D+00
  0.154575205354241D-03 -0.100000000000000D+00
  0.156128711995121D-03 -0.100000000000000D+00
  0.157697831637308D-03 -0.100000000000000D+00
  0.159282721194074D-03 -0.100000000000000D+00
  0.160883539155695D-03 -0.100000000000000D+00
  0.162500445605302D-03 -0.100000000000000D+00
  0.164133602234887D-03 -0.100000000000000D+00
  0.165783172361474D-03 -0.100000000000000D+00
  0.167449320943451D-03 -0.100000000000001D+00
  0.169132214597063D-03 -0.100000000000001D+00
  0.170832021613079D-03 -0.100000000000001D+00
  0.172548911973616D-03 -0.100000000000001D+00
  0.174283057369142D-03 -0.100000000000001D+00
  0.176034631215642D-03 -0.100000000000001D+00
  0.177803808671959D-03 -0.100000000000001D+00
  0.179590766657314D-03 -0.100000000000001D+00
  0.181395683868993D-03 -0.100000000000001D+00
  0.183218740800224D-03 -0.100000000000001D+00
  0.185060119758217D-03 -0.100000000000001D+00
  0.186920004882403D-03 -0.100000000000001D+00
  0.188798582162845D-03 -0.100000000000001D+00
  0.190696039458835D-03 -0.100000000000001D+00
  0.192612566517686D-03 -0.100000000000001D+00
  0.194548354993699D-03 -0.100000000000001D+00
  0.196503598467336D-03 -0.100000000000001D+00
  0.198478492464572D-03 -0.100000000000001D+00
  0.200473234476455D-03 -0.100000000000001D+00
  0.202488023978847D-03 -0.100000000000001D+00
  0.204523062452378D-03 -0.100000000000001D+00
  0.206578553402590D-03 -0.100000000000001D+00
  0.208654702380291D-03 -0.100000000000001D+00
  0.210751717002111D-03 -0.100000000000001D+00
  0.212869806971257D-03 -0.100000000000001D+00
  0.215009184098493D-03 -0.100000000000001D+00
  0.217170062323313D-03 -0.100000000000001D+00
  0.219352657735342D-03 -0.100000000000002D+00
  0.221557188595938D-03 -0.100000000000002D+00
  0.223783875360026D-03 -0.100000000000002D+00
  0.226032940698137D-03 -0.100000000000002D+00
  0.228304609518679D-03 -0.100000000000002D+00
  0.230599108990427D-03 -0.100000000000002D+00
  0.232916668565242D-03 -0.100000000000002D+00
  0.235257520001010D-03 -0.100000000000002D+00
  0.237621897384827D-03 -0.100000000000002D+00
  0.240010037156402D-03 -0.100000000000002D+00
  0.242422178131701D-03 -0.100000000000002D+00
  0.244858561526832D-03 -0.100000000000002D+00
  0.247319430982166D-03 -0.100000000000002D+00
  0.249805032586698D-03 -0.100000000000003D+00
  0.252315614902660D-03 -0.100000000000003D+00
  0.254851428990377D-03 -0.100000000000003D+00
  0.257412728433369D-03 -0.100000000000003D+00
  0.259999769363716D-03 -0.100000000000003D+00
  0.262612810487666D-03 -0.100000000000003D+00
  0.265252113111510D-03 -0.100000000000003D+00
  0.267917941167710D-03 -0.100000000000003D+00
  0.270610561241291D-03 -0.100000000000004D+00
  0.273330242596507D-03 -0.100000000000004D+00
  0.276077257203758D-03 -0.100000000000004D+00
  0.278851879766795D-03 -0.100000000000004D+00
  0.281654387750185D-03 -0.100000000000004D+00
  0.284485061407064D-03 -0.100000000000004D+00
  0.287344183807154D-03 -0.100000000000004D+00
  0.290232040865080D-03 -0.100000000000005D+00
  0.293148921368953D-03 -0.100000000000005D+00
  0.296095117009255D-03 -0.100000000000005D+00
  0.299070922408004D-03 -0.100000000000005D+00
  0.302076635148221D-03 -0.100000000000005D+00
  0.305112555803684D-03 -0.100000000000006D+00
  0.308178987968988D-03 -0.100000000000006D+00
  0.311276238289906D-03 -0.100000000000006D+00
  0.314404616494051D-03 -0.100000000000006D+00
  0.317564435421850D-03 -0.100000000000007D+00
  0.320756011057829D-03 -0.100000000000007D+00
  0.323979662562211D-03 -0.100000000000007D+00
  0.327235712302834D-03 -0.100000000000008D+00
  0.330524485887384D-03 -0.100000000000008D+00
  0.333846312195961D-03 -0.100000000000008D+00
  0.337201523413964D-03 -0.100000000000009D+00
  0.340590455065310D-03 -0.100000000000009D+00
  0.344013446045989D-03 -0.100000000000009D+00
  0.347470838657952D-03 -0.100000000000010D+00
  0.350962978643340D-03 -0.100000000000010D+00
  0.354490215219063D-03 -0.100000000000010D+00
  0.358052901111717D-03 -0.100000000000011D+00
  0.361651392592861D-03 -0.100000000000011D+00
  0.365286049514641D-03 -0.100000000000012D+00
  0.368957235345779D-03 -0.100000000000012D+00
  0.372665317207917D-03 -0.100000000000013D+00
  0.376410665912331D-03 -0.100000000000013D+00
  0.380193655997013D-03 -0.100000000000014D+00
  0.384014665764124D-03 -0.100000000000014D+00
  0.387874077317824D-03 -0.100000000000015D+00
  0.391772276602486D-03 -0.100000000000016D+00
  0.395709653441285D-03 -0.100000000000016D+00
  0.399686601575188D-03 -0.100000000000017D+00
  0.403703518702322D-03 -0.100000000000018D+00
  0.407760806517747D-03 -0.100000000000018D+00
  0.411858870753626D-03 -0.100000000000019D+00
  0.415998121219796D-03 -0.100000000000020D+00
  0.420178971844755D-03 -0.100000000000021D+00
  0.424401840717049D-03 -0.100000000000021D+00
  0.428667150127084D-03 -0.100000000000022D+00
  0.432975326609355D-03 -0.100000000000023D+00
  0.437326800985101D-03 -0.100000000000024D+00
  0.441722008405386D-03 -0.100000000000025D+00
  0.446161388394615D-03 -0.100000000000026D+00
  0.450645384894485D-03 -0.100000000000027D+00
  0.455174446308383D-03 -0.100000000000028D+00
  0.459749025546226D-03 -0.100000000000029D+00
  0.464369580069749D-03 -0.100000000000031D+00
  0.469036571938255D-03 -0.100000000000032D+00
  0.473750467854820D-03 -0.100000000000033D+00
  0.478511739212964D-03 -0.100000000000035D+00
  0.483320862143790D-03 -0.100000000000036D+00
  0.488178317563599D-03 -0.100000000000037D+00
  0.493084591221981D-03 -0.100000000000039D+00
  0.498040173750391D-03 -0.100000000000041D+00
  0.503045560711210D-03 -0.100000000000042D+00
  0.508101252647307D-03 -0.100000000000044D+00
  0.513207755132087D-03 -0.100000000000046D+00
  0.518365578820056D-03 -0.100000000000048D+00
  0.523575239497879D-03 -0.100000000000050D+00
  0.528837258135966D-03 -0.100000000000052D+00
  0.534152160940565D-03 -0.100000000000054D+00
  0.539520479406387D-03 -0.100000000000056D+00
  0.544942750369752D-03 -0.100000000000058D+00
  0.550419516062274D-03 -0.100000000000060D+00
  0.555951324165087D-03 -0.100000000000063D+00
  0.561538727863610D-03 -0.100000000000066D+00
  0.567182285902870D-03 -0.100000000000068D+00
  0.572882562643375D-03 -0.100000000000071D+00
  0.578640128117547D-03 -0.100000000000074D+00
  0.584455558086733D-03 -0.100000000000077D+00
  0.590329434098775D-03 -0.100000000000080D+00
  0.596262343546170D-03 -0.100000000000083D+00
  0.602254879724807D-03 -0.100000000000087D+00
  0.608307641893296D-03 -0.100000000000090D+00
  0.614421235332900D-03 -0.100000000000094D+00
  0.620596271408057D-03 -0.100000000000098D+00
  0.626833367627519D-03 -0.100000000000102D+00
  0.633133147706108D-03 -0.100000000000106D+00
  0.639496241627079D-03 -0.100000000000110D+00
  0.645923285705129D-03 -0.100000000000115D+00
  0.652414922650020D-03 -0.100000000000119D+00
  0.658971801630857D-03 -0.100000000000124D+00
  0.665594578341003D-03 -0.100000000000129D+00
  0.672283915063646D-03 -0.100000000000135D+00
  0.679040480738034D-03 -0.100000000000140D+00
  0.685864951026365D-03 -0.100000000000146D+00
  0.692758008381355D-03 -0.100000000000152D+00
  0.699720342114483D-03 -0.100000000000158D+00
  0.706752648464925D-03 -0.100000000000164D+00
  0.713855630669175D-03 -0.100000000000171D+00
  0.721029999031375D-03 -0.100000000000178D+00
  0.728276470994337D-03 -0.100000000000185D+00
  0.735595771211299D-03 -0.100000000000193D+00
  0.742988631618380D-03 -0.100000000000201D+00
  0.750455791507782D-03 -0.100000000000209D+00
  0.757997997601716D-03 -0.100000000000218D+00
  0.765616004127078D-03 -0.100000000000226D+00
  0.773310572890868D-03 -0.100000000000236D+00
  0.781082473356375D-03 -0.100000000000245D+00
  0.788932482720122D-03 -0.100000000000255D+00
  0.796861385989587D-03 -0.100000000000266D+00
  0.804869976061704D-03 -0.100000000000277D+00
  0.812959053802154D-03 -0.100000000000288D+00
  0.821129428125453D-03 -0.100000000000300D+00
  0.829381916075841D-03 -0.100000000000312D+00
  0.837717342908991D-03 -0.100000000000325D+00
  0.846136542174531D-03 -0.100000000000338D+00
  0.854640355799405D-03 -0.100000000000352D+00
  0.863229634172062D-03 -0.100000000000366D+00
  0.871905236227496D-03 -0.100000000000381D+00
  0.880668029533144D-03 -0.100000000000396D+00
  0.889518890375637D-03 -0.100000000000413D+00
  0.898458703848435D-03 -0.100000000000429D+00
  0.907488363940337D-03 -0.100000000000447D+00
  0.916608773624876D-03 -0.100000000000465D+00
  0.925820844950620D-03 -0.100000000000484D+00
  0.935125499132379D-03 -0.100000000000504D+00
  0.944523666643326D-03 -0.100000000000524D+00
  0.954016287308042D-03 -0.100000000000546D+00
  0.963604310396505D-03 -0.100000000000568D+00
  0.973288694719015D-03 -0.100000000000591D+00
  0.983070408722073D-03 -0.100000000000615D+00
  0.992950430585231D-03 -0.100000000000641D+00
  0.100292974831891D-02 -0.100000000000667D+00
  0.101300935986320D-02 -0.100000000000694D+00
  0.102319027318765D-02 -0.100000000000722D+00
  0.103347350639208D-02 -0.100000000000752D+00
  0.104386008780838D-02 -0.100000000000782D+00
  0.105435105610335D-02 -0.100000000000814D+00
  0.106494746038256D-02 -0.100000000000848D+00
  0.107565036029526D-02 -0.100000000000882D+00
  0.108646082614037D-02 -0.100000000000918D+00
  0.109737993897349D-02 -0.100000000000956D+00
  0.110840879071499D-02 -0.100000000000995D+00
  0.111954848425923D-02 -0.100000000001035D+00
  0.113080013358486D-02 -0.100000000001077D+00
  0.114216486386619D-02 -0.100000000001121D+00
  0.115364381158571D-02 -0.100000000001167D+00
  0.116523812464777D-02 -0.100000000001215D+00
  0.117694896249332D-02 -0.100000000001264D+00
  0.118877749621591D-02 -0.100000000001316D+00
  0.120072490867878D-02 -0.100000000001370D+00
  0.121279239463313D-02 -0.100000000001426D+00
  0.122498116083760D-02 -0.100000000001484D+00
  0.123729242617897D-02 -0.100000000001544D+00
  0.124972742179405D-02 -0.100000000001607D+00
  0.126228739119274D-02 -0.100000000001673D+00
  0.127497359038247D-02 -0.100000000001741D+00
  0.128778728799372D-02 -0.100000000001812D+00
  0.130072976540692D-02 -0.100000000001886D+00
  0.131380231688061D-02 -0.100000000001963D+00
  0.132700624968083D-02 -0.100000000002043D+00
  0.134034288421185D-02 -0.100000000002127D+00
  0.135381355414826D-02 -0.100000000002213D+00
  0.136741960656826D-02 -0.100000000002304D+00
  0.138116240208844D-02 -0.100000000002398D+00
  0.139504331499980D-02 -0.100000000002496D+00
  0.140906373340520D-02 -0.100000000002598D+00
  0.142322505935816D-02 -0.100000000002704D+00
  0.143752870900309D-02 -0.100000000002814D+00
  0.145197611271686D-02 -0.100000000002929D+00
  0.146656871525188D-02 -0.100000000003048D+00
  0.148130797588058D-02 -0.100000000003173D+00
  0.149619536854129D-02 -0.100000000003302D+00
  0.151123238198568D-02 -0.100000000003437D+00
  0.152642051992765D-02 -0.100000000003577D+00
  0.154176130119362D-02 -0.100000000003723D+00
  0.155725625987452D-02 -0.100000000003875D+00
  0.157290694547913D-02 -0.100000000004033D+00
  0.158871492308904D-02 -0.100000000004198D+00
  0.160468177351519D-02 -0.100000000004369D+00
  0.162080909345594D-02 -0.100000000004547D+00
  0.163709849565671D-02 -0.100000000004733D+00
  0.165355160907130D-02 -0.100000000004926D+00
  0.167017007902476D-02 -0.100000000005127D+00
  0.168695556737794D-02 -0.100000000005336D+00
  0.170390975269366D-02 -0.100000000005554D+00
  0.172103433040457D-02 -0.100000000005781D+00
  0.173833101298273D-02 -0.100000000006017D+00
  0.175580153011079D-02 -0.100000000006262D+00
  0.177344762885504D-02 -0.100000000006518D+00
  0.179127107384006D-02 -0.100000000006784D+00
  0.180927364742519D-02 -0.100000000007061D+00
  0.182745714988279D-02 -0.100000000007349D+00
  0.184582339957827D-02 -0.100000000007649D+00
  0.186437423315190D-02 -0.100000000007961D+00
  0.188311150570250D-02 -0.100000000008286D+00
  0.190203709097293D-02 -0.100000000008624D+00
  0.192115288153749D-02 -0.100000000008976D+00
  0.194046078899117D-02 -0.100000000009342D+00
  0.195996274414081D-02 -0.100000000009724D+00
  0.197966069719817D-02 -0.100000000010120D+00
  0.199955661797497D-02 -0.100000000010533D+00
  0.201965249607987D-02 -0.100000000010963D+00
  0.203995034111743D-02 -0.100000000011411D+00
  0.206045218288907D-02 -0.100000000011876D+00
  0.208116007159604D-02 -0.100000000012361D+00
  0.210207607804448D-02 -0.100000000012866D+00
  0.212320229385246D-02 -0.100000000013391D+00
  0.214454083165916D-02 -0.100000000013937D+00
  0.216609382533616D-02 -0.100000000014506D+00
  0.218786343020077D-02 -0.100000000015098D+00
  0.220985182323163D-02 -0.100000000015714D+00
  0.223206120328636D-02 -0.100000000016355D+00
  0.225449379132148D-02 -0.100000000017023D+00
  0.227715183061448D-02 -0.100000000017718D+00
  0.230003758698817D-02 -0.100000000018441D+00
  0.232315334903727D-02 -0.100000000019193D+00
  0.234650142835724D-02 -0.100000000019976D+00
  0.237008415977547D-02 -0.100000000020792D+00
  0.239390390158475D-02 -0.100000000021640D+00
  0.241796303577912D-02 -0.100000000022523D+00
  0.244226396829204D-02 -0.100000000023443D+00
  0.246680912923702D-02 -0.100000000024399D+00
  0.249160097315060D-02 -0.100000000025395D+00
  0.251664197923784D-02 -0.100000000026431D+00
  0.254193465162021D-02 -0.100000000027510D+00
  0.256748151958603D-02 -0.100000000028633D+00
  0.259328513784339D-02 -0.100000000029801D+00
  0.261934808677560D-02 -0.100000000031018D+00
  0.264567297269929D-02 -0.100000000032283D+00
  0.267226242812499D-02 -0.100000000033601D+00
  0.269911911202039D-02 -0.100000000034972D+00
  0.272624571007626D-02 -0.100000000036399D+00
  0.275364493497503D-02 -0.100000000037885D+00
  0.278131952666200D-02 -0.100000000039431D+00
  0.280927225261941D-02 -0.100000000041040D+00
  0.283750590814315D-02 -0.100000000042715D+00
  0.286602331662230D-02 -0.100000000044458D+00
  0.289482732982148D-02 -0.100000000046273D+00
  0.292392082816600D-02 -0.100000000048161D+00
  0.295330672102995D-02 -0.100000000050127D+00
  0.298298794702710D-02 -0.100000000052172D+00
  0.301296747430478D-02 -0.100000000054301D+00
  0.304324830084070D-02 -0.100000000056518D+00
  0.307383345474276D-02 -0.100000000058824D+00
  0.310472599455183D-02 -0.100000000061225D+00
  0.313592900954764D-02 -0.100000000063723D+00
  0.316744562005768D-02 -0.100000000066324D+00
  0.319927897776928D-02 -0.100000000069031D+00
  0.323143226604473D-02 -0.100000000071848D+00
  0.326390870023965D-02 -0.100000000074780D+00
  0.329671152802452D-02 -0.100000000077832D+00
  0.332984402970947D-02 -0.100000000081008D+00
  0.336330951857227D-02 -0.100000000084314D+00
  0.339711134118970D-02 -0.100000000087755D+00
  0.343125287777217D-02 -0.100000000091336D+00
  0.346573754250182D-02 -0.100000000095064D+00
  0.350056878387383D-02 -0.100000000098943D+00
  0.353575008504139D-02 -0.100000000102981D+00
  0.357128496416392D-02 -0.100000000107184D+00
  0.360717697475894D-02 -0.100000000111558D+00
  0.364342970605743D-02 -0.100000000116111D+00
  0.368004678336273D-02 -0.100000000120850D+00
  0.371703186841308D-02 -0.100000000125782D+00
  0.375438865974781D-02 -0.100000000130915D+00
  0.379212089307718D-02 -0.100000000136257D+00
  0.383023234165597D-02 -0.100000000141818D+00
  0.386872681666079D-02 -0.100000000147606D+00
  0.390760816757124D-02 -0.100000000153630D+00
  0.394688028255479D-02 -0.100000000159899D+00
  0.398654708885567D-02 -0.100000000166425D+00
  0.402661255318757D-02 -0.100000000173217D+00
  0.406708068213032D-02 -0.100000000180286D+00
  0.410795552253052D-02 -0.100000000187644D+00
  0.414924116190628D-02 -0.100000000195301D+00
  0.419094172885594D-02 -0.100000000203272D+00
  0.423306139347096D-02 -0.100000000211567D+00
  0.427560436775288D-02 -0.100000000220202D+00
  0.431857490603460D-02 -0.100000000229188D+00
  0.436197730540574D-02 -0.100000000238541D+00
  0.440581590614242D-02 -0.100000000248276D+00
  0.445009509214123D-02 -0.100000000258409D+00
  0.449481929135769D-02 -0.100000000268954D+00
  0.453999297624897D-02 -0.100000000279930D+00
  0.458562066422122D-02 -0.100000000291354D+00
  0.463170691808126D-02 -0.100000000303245D+00
  0.467825634649287D-02 -0.100000000315620D+00
  0.472527360443770D-02 -0.100000000328501D+00
  0.477276339368070D-02 -0.100000000341907D+00
  0.482073046324040D-02 -0.100000000355860D+00
  0.486917960986370D-02 -0.100000000370383D+00
  0.491811567850565D-02 -0.100000000385499D+00
  0.496754356281390D-02 -0.100000000401231D+00
  0.501746820561806D-02 -0.100000000417605D+00
  0.506789459942403D-02 -0.100000000434648D+00
  0.511882778691319D-02 -0.100000000452386D+00
  0.517027286144675D-02 -0.100000000470848D+00
  0.522223496757503D-02 -0.100000000490064D+00
  0.527471930155194D-02 -0.100000000510063D+00
  0.532773111185462D-02 -0.100000000530879D+00
  0.538127569970828D-02 -0.100000000552544D+00
  0.543535841961632D-02 -0.100000000575094D+00
  0.548998467989581D-02 -0.100000000598564D+00
  0.554515994321828D-02 -0.100000000622991D+00
  0.560088972715606D-02 -0.100000000648416D+00
  0.565717960473398D-02 -0.100000000674878D+00
  0.571403520498670D-02 -0.100000000702419D+00
  0.577146221352164D-02 -0.100000000731085D+00
  0.582946637308749D-02 -0.100000000760921D+00
  0.588805348414856D-02 -0.100000000791974D+00
  0.594722940546477D-02 -0.100000000824295D+00
  0.600700005467757D-02 -0.100000000857934D+00
  0.606737140890168D-02 -0.100000000892947D+00
  0.612834950532285D-02 -0.100000000929388D+00
  0.618994044180152D-02 -0.100000000967317D+00
  0.625215037748268D-02 -0.100000001006793D+00
  0.631498553341172D-02 -0.100000001047880D+00
  0.637845219315661D-02 -0.100000001090644D+00
  0.644255670343621D-02 -0.100000001135153D+00
  0.650730547475497D-02 -0.100000001181479D+00
  0.657270498204398D-02 -0.100000001229695D+00
  0.663876176530847D-02 -0.100000001279879D+00
  0.670548243028180D-02 -0.100000001332111D+00
  0.677287364908609D-02 -0.100000001386474D+00
  0.684094216089936D-02 -0.100000001443056D+00
  0.690969477262953D-02 -0.100000001501947D+00
  0.697913835959506D-02 -0.100000001563241D+00
  0.704927986621251D-02 -0.100000001627037D+00
  0.712012630669101D-02 -0.100000001693436D+00
  0.719168476573363D-02 -0.100000001762545D+00
  0.726396239924592D-02 -0.100000001834474D+00
  0.733696643505146D-02 -0.100000001909339D+00
  0.741070417361466D-02 -0.100000001987259D+00
  0.748518298877083D-02 -0.100000002068358D+00
  0.756041032846354D-02 -0.100000002152768D+00
  0.763639371548947D-02 -0.100000002240621D+00
  0.771314074825063D-02 -0.100000002332061D+00
  0.779065910151425D-02 -0.100000002427231D+00
  0.786895652718027D-02 -0.100000002526286D+00
  0.794804085505648D-02 -0.100000002629383D+00
  0.802791999364159D-02 -0.100000002736687D+00
  0.810860193091602D-02 -0.100000002848370D+00
  0.819009473514074D-02 -0.100000002964611D+00
  0.827240655566406D-02 -0.100000003085595D+00
  0.835554562373666D-02 -0.100000003211517D+00
  0.843952025333460D-02 -0.100000003342577D+00
  0.852433884199083D-02 -0.100000003478986D+00
  0.861000987163490D-02 -0.100000003620962D+00
  0.869654190944117D-02 -0.100000003768731D+00
  0.878394360868552D-02 -0.100000003922531D+00
  0.887222370961072D-02 -0.100000004082607D+00
  0.896139104030042D-02 -0.100000004249215D+00
  0.905145451756200D-02 -0.100000004422623D+00
  0.914242314781825D-02 -0.100000004603107D+00
  0.923430602800799D-02 -0.100000004790956D+00
  0.932711234649581D-02 -0.100000004986471D+00
  0.942085138399090D-02 -0.100000005189965D+00
  0.951553251447512D-02 -0.100000005401764D+00
  0.961116520614043D-02 -0.100000005622205D+00
  0.970775902233568D-02 -0.100000005851642D+00
  0.980532362252299D-02 -0.100000006090442D+00
  0.990386876324369D-02 -0.100000006338987D+00
  0.100034042990940D-01 -0.100000006597675D+00
  0.101039401837103D-01 -0.100000006866919D+00
  0.102054864707651D-01 -0.100000007147150D+00
  0.103080533149715D-01 -0.100000007438818D+00
  0.104116509730994D-01 -0.100000007742387D+00
  0.105162898050011D-01 -0.100000008058345D+00
  0.106219802746469D-01 -0.100000008387196D+00
  0.107287329511719D-01 -0.100000008729467D+00
  0.108365585099326D-01 -0.100000009085705D+00
  0.109454677335747D-01 -0.100000009456480D+00
  0.110554715131115D-01 -0.100000009842386D+00
  0.111665808490126D-01 -0.100000010244040D+00
  0.112788068523040D-01 -0.100000010662084D+00
  0.113921607456797D-01 -0.100000011097187D+00
  0.115066538646235D-01 -0.100000011550046D+00
  0.116222976585427D-01 -0.100000012021384D+00
  0.117391036919130D-01 -0.100000012511957D+00
  0.118570836454351D-01 -0.100000013022548D+00
  0.119762493172026D-01 -0.100000013553975D+00
  0.120966126238822D-01 -0.100000014107089D+00
  0.122181856019046D-01 -0.100000014682772D+00
  0.123409804086692D-01 -0.100000015281948D+00
  0.124650093237587D-01 -0.100000015905574D+00
  0.125902847501682D-01 -0.100000016554648D+00
  0.127168192155447D-01 -0.100000017230208D+00
  0.128446253734400D-01 -0.100000017933336D+00
  0.129737160045767D-01 -0.100000018665156D+00
  0.131041040181252D-01 -0.100000019426838D+00
  0.132358024529957D-01 -0.100000020219602D+00
  0.133688244791413D-01 -0.100000021044716D+00
  0.135031833988756D-01 -0.100000021903499D+00
  0.136388926482025D-01 -0.100000022797325D+00
  0.137759657981599D-01 -0.100000023727625D+00
  0.139144165561772D-01 -0.100000024695886D+00
  0.140542587674455D-01 -0.100000025703658D+00
  0.141955064163025D-01 -0.100000026752552D+00
  0.143381736276307D-01 -0.100000027844247D+00
  0.144822746682702D-01 -0.100000028980488D+00
  0.146278239484451D-01 -0.100000030163094D+00
  0.147748360232048D-01 -0.100000031393957D+00
  0.149233255938792D-01 -0.100000032675044D+00
  0.150733075095491D-01 -0.100000034008406D+00
  0.152247967685311D-01 -0.100000035396176D+00
  0.153778085198774D-01 -0.100000036840573D+00
  0.155323580648905D-01 -0.100000038343907D+00
  0.156884608586537D-01 -0.100000039908584D+00
  0.158461325115766D-01 -0.100000041537107D+00
  0.160053887909558D-01 -0.100000043232080D+00
  0.161662456225520D-01 -0.100000044996214D+00
  0.163287190921824D-01 -0.100000046832331D+00
  0.164928254473292D-01 -0.100000048743369D+00
  0.166585810987649D-01 -0.100000050732384D+00
  0.168260026221927D-01 -0.100000052802557D+00
  0.169951067599043D-01 -0.100000054957199D+00
  0.171659104224547D-01 -0.100000057199758D+00
  0.173384306903522D-01 -0.100000059533820D+00
  0.175126848157675D-01 -0.100000061963117D+00
  0.176886902242583D-01 -0.100000064491536D+00
  0.178664645165122D-01 -0.100000067123120D+00
  0.180460254701065D-01 -0.100000069862079D+00
  0.182273910412862D-01 -0.100000072712793D+00
  0.184105793667596D-01 -0.100000075679822D+00
  0.185956087655119D-01 -0.100000078767910D+00
  0.187824977406371D-01 -0.100000081981996D+00
  0.189712649811885D-01 -0.100000085327222D+00
  0.191619293640475D-01 -0.100000088808937D+00
  0.193545099558112D-01 -0.100000092432708D+00
  0.195490260146993D-01 -0.100000096204333D+00
  0.197454969924798D-01 -0.100000100129841D+00
  0.199439425364141D-01 -0.100000104215512D+00
  0.201443824912221D-01 -0.100000108467878D+00
  0.203468369010663D-01 -0.100000112893740D+00
  0.205513260115563D-01 -0.100000117500176D+00
  0.207578702717737D-01 -0.100000122294552D+00
  0.209664903363165D-01 -0.100000127284535D+00
  0.211772070673651D-01 -0.100000132478104D+00
  0.213900415367681D-01 -0.100000137883564D+00
  0.216050150281499D-01 -0.100000143509559D+00
  0.218221490390388D-01 -0.100000149365085D+00
  0.220414652830167D-01 -0.100000155459505D+00
  0.222629856918909D-01 -0.100000161802563D+00
  0.224867324178869D-01 -0.100000168404402D+00
  0.227127278358636D-01 -0.100000175275577D+00
  0.229409945455513D-01 -0.100000182427076D+00
  0.231715553738111D-01 -0.100000189870332D+00
  0.234044333769179D-01 -0.100000197617246D+00
  0.236396518428662D-01 -0.100000205680204D+00
  0.238772342936986D-01 -0.100000214072097D+00
  0.241172044878581D-01 -0.100000222806341D+00
  0.243595864225641D-01 -0.100000231896900D+00
  0.246044043362121D-01 -0.100000241358308D+00
  0.248516827107974D-01 -0.100000251205690D+00
  0.251014462743637D-01 -0.100000261454788D+00
  0.253537200034753D-01 -0.100000272121988D+00
  0.256085291257154D-01 -0.100000283224340D+00
  0.258658991222087D-01 -0.100000294779593D+00
  0.261258557301691D-01 -0.100000306806218D+00
  0.263884249454742D-01 -0.100000319323439D+00
  0.266536330252642D-01 -0.100000332351264D+00
  0.269215064905682D-01 -0.100000345910518D+00
  0.271920721289559D-01 -0.100000360022873D+00
  0.274653569972167D-01 -0.100000374710884D+00
  0.277413884240650D-01 -0.100000389998029D+00
  0.280201940128737D-01 -0.100000405908739D+00
  0.283018016444339D-01 -0.100000422468444D+00
  0.285862394797434D-01 -0.100000439703609D+00
  0.288735359628229D-01 -0.100000457641778D+00
  0.291637198235600D-01 -0.100000476311618D+00
  0.294568200805826D-01 -0.100000495742964D+00
  0.297528660441607D-01 -0.100000515966869D+00
  0.300518873191374D-01 -0.100000537015648D+00
  0.303539138078893D-01 -0.100000558922938D+00
  0.306589757133171D-01 -0.100000581723742D+00
  0.309671035418653D-01 -0.100000605454492D+00
  0.312783281065738D-01 -0.100000630153106D+00
  0.315926805301583D-01 -0.100000655859045D+00
  0.319101922481231D-01 -0.100000682613379D+00
  0.322308950119047D-01 -0.100000710458851D+00
  0.325548208920466D-01 -0.100000739439948D+00
  0.328820022814068D-01 -0.100000769602967D+00
  0.332124718983970D-01 -0.100000800996093D+00
  0.335462627902541D-01 -0.100000833669474D+00
  0.338834083363456D-01 -0.100000867675302D+00
  0.342239422515069D-01 -0.100000903067894D+00
  0.345678985894135D-01 -0.100000939903782D+00
  0.349153117459857D-01 -0.100000978241800D+00
  0.352662164628286D-01 -0.100001018143178D+00
  0.356206478307065D-01 -0.100001059671641D+00
  0.359786412930514D-01 -0.100001102893512D+00
  0.363402326495079D-01 -0.100001147877814D+00
  0.367054580595130D-01 -0.100001194696380D+00
  0.370743540459120D-01 -0.100001243423972D+00
  0.374469574986110D-01 -0.100001294138395D+00
  0.378233056782658D-01 -0.100001346920623D+00
  0.382034362200079D-01 -0.100001401854931D+00
  0.385873871372084D-01 -0.100001459029021D+00
  0.389751968252788D-01 -0.100001518534171D+00
  0.393669040655112D-01 -0.100001580465374D+00
  0.397625480289560D-01 -0.100001644921492D+00
  0.401621682803392D-01 -0.100001712005412D+00
  0.405658047820191D-01 -0.100001781824210D+00
  0.409734978979821D-01 -0.100001854489323D+00
  0.413852883978797D-01 -0.100001930116724D+00
  0.418012174611048D-01 -0.100002008827108D+00
  0.422213266809106D-01 -0.100002090746083D+00
  0.426456580685690D-01 -0.100002176004371D+00
  0.430742540575724D-01 -0.100002264738014D+00
  0.435071575078769D-01 -0.100002357088592D+00
  0.439444117101882D-01 -0.100002453203448D+00
  0.443860603902911D-01 -0.100002553235921D+00
  0.448321477134215D-01 -0.100002657345592D+00
  0.452827182886835D-01 -0.100002765698535D+00
  0.457378171735101D-01 -0.100002878467581D+00
  0.461974898781690D-01 -0.100002995832597D+00
  0.466617823703137D-01 -0.100003117980765D+00
  0.471307410795804D-01 -0.100003245106884D+00
  0.476044129022309D-01 -0.100003377413679D+00
  0.480828452058420D-01 -0.100003515112120D+00
  0.485660858340429D-01 -0.100003658421763D+00
  0.490541831112991D-01 -0.100003807571089D+00
  0.495471858477450D-01 -0.100003962797877D+00
  0.500451433440652D-01 -0.100004124349574D+00
  0.505481053964242D-01 -0.100004292483692D+00
  0.510561223014464D-01 -0.100004467468213D+00
  0.515692448612456D-01 -0.100004649582016D+00
  0.520875243885055D-01 -0.100004839115321D+00
  0.526110127116107D-01 -0.100005036370147D+00
  0.531397621798296D-01 -0.100005241660788D+00
  0.536738256685499D-01 -0.100005455314319D+00
  0.542132565845653D-01 -0.100005677671107D+00
  0.547581088714170D-01 -0.100005909085354D+00
  0.553084370147879D-01 -0.100006149925656D+00
  0.558642960479507D-01 -0.100006400575591D+00
  0.564257415572720D-01 -0.100006661434320D+00
  0.569928296877706D-01 -0.100006932917225D+00
  0.575656171487323D-01 -0.100007215456564D+00
  0.581441612193803D-01 -0.100007509502155D+00
  0.587285197546038D-01 -0.100007815522087D+00
  0.593187511907435D-01 -0.100008134003464D+00
  0.599149145514346D-01 -0.100008465453171D+00
  0.605170694535102D-01 -0.100008810398679D+00
  0.611252761129622D-01 -0.100009169388877D+00
  0.617395953509633D-01 -0.100009542994940D+00
  0.623600885999494D-01 -0.100009931811233D+00
  0.629868179097624D-01 -0.100010336456249D+00
  0.636198459538556D-01 -0.100010757573584D+00
  0.642592360355609D-01 -0.100011195832958D+00
  0.649050520944193D-01 -0.100011651931267D+00
  0.655573587125748D-01 -0.100012126593688D+00
  0.662162211212329D-01 -0.100012620574819D+00
  0.668817052071835D-01 -0.100013134659872D+00
  0.675538775193898D-01 -0.100013669665912D+00
  0.682328052756430D-01 -0.100014226443144D+00
  0.689185563692847D-01 -0.100014805876251D+00
  0.696111993759957D-01 -0.100015408885794D+00
  0.703108035606538D-01 -0.100016036429657D+00
  0.710174388842605D-01 -0.100016689504557D+00
  0.717311760109370D-01 -0.100017369147616D+00
  0.724520863149907D-01 -0.100018076437991D+00
  0.731802418880530D-01 -0.100018812498571D+00
  0.739157155462877D-01 -0.100019578497747D+00
  0.746585808376737D-01 -0.100020375651249D+00
  0.754089120493592D-01 -0.100021205224054D+00
  0.761667842150906D-01 -0.100022068532377D+00
  0.769322731227160D-01 -0.100022966945740D+00
  0.777054553217642D-01 -0.100023901889119D+00
  0.784864081310992D-01 -0.100024874845187D+00
  0.792752096466530D-01 -0.100025887356637D+00
  0.800719387492343D-01 -0.100026941028605D+00
  0.808766751124173D-01 -0.100028037531185D+00
  0.816894992105091D-01 -0.100029178602052D+00
  0.825104923265967D-01 -0.100030366049184D+00
  0.833397365606760D-01 -0.100031601753691D+00
  0.841773148378613D-01 -0.100032887672771D+00
  0.850233109166784D-01 -0.100034225842764D+00
  0.858778093974402D-01 -0.100035618382347D+00
  0.867408957307068D-01 -0.100037067495846D+00
  0.876126562258308D-01 -0.100038575476681D+00
  0.884931780595882D-01 -0.100040144710960D+00
  0.893825492848961D-01 -0.100041777681197D+00
  0.902808588396181D-01 -0.100043476970201D+00
  0.911881965554585D-01 -0.100045245265102D+00
  0.921046531669448D-01 -0.100047085361547D+00
  0.930303203205019D-01 -0.100049000168066D+00
  0.939652905836166D-01 -0.100050992710603D+00
  0.949096574540944D-01 -0.100053066137238D+00
  0.958635153694092D-01 -0.100055223723091D+00
  0.968269597161474D-01 -0.100057468875424D+00
  0.978000868395467D-01 -0.100059805138946D+00
  0.987829940531303D-01 -0.100062236201332D+00
  0.997757796484386D-01 -0.100064765898958D+00
  0.100778542904859D+00 -0.100067398222867D+00
  0.101791384099551D+00 -0.100070137324974D+00
  0.102814404517481D+00 -0.100072987524514D+00
  0.103847706461540D+00 -0.100075953314754D+00
  0.104891393262787D+00 -0.100079039369963D+00
  0.105945569290769D+00 -0.100082250552668D+00
  0.107010339963968D+00 -0.100085591921193D+00
  0.108085811760340D+00 -0.100089068737502D+00
  0.109172092227959D+00 -0.100092686475350D+00
  0.110269289995778D+00 -0.100096450828763D+00
  0.111377514784488D+00 -0.100100367720849D+00
  0.112496877417492D+00 -0.100104443312965D+00
  0.113627489831985D+00 -0.100108684014246D+00
  0.114769465090151D+00 -0.100113096491509D+00
  0.115922917390468D+00 -0.100117687679560D+00
  0.117087962079126D+00 -0.100122464791899D+00
  0.118264715661566D+00 -0.100127435331855D+00
  0.119453295814126D+00 -0.100132607104166D+00
  0.120653821395813D+00 -0.100137988227014D+00
  0.121866412460184D+00 -0.100143587144540D+00
  0.123091190267357D+00 -0.100149412639851D+00
  0.124328277296133D+00 -0.100155473848553D+00
  0.125577797256246D+00 -0.100161780272806D+00
  0.126839875100733D+00 -0.100168341795951D+00
  0.128114637038430D+00 -0.100175168697706D+00
  0.129402210546594D+00 -0.100182271669973D+00
  0.130702724383648D+00 -0.100189661833261D+00
  0.132016308602060D+00 -0.100197350753773D+00
  0.133343094561345D+00 -0.100205350461158D+00
  0.134683214941207D+00 -0.100213673466975D+00
  0.136036803754799D+00 -0.100222332783883D+00
  0.137403996362131D+00 -0.100231341945598D+00
  0.138784929483603D+00 -0.100240715027634D+00
  0.140179741213677D+00 -0.100250466668869D+00
  0.141588571034690D+00 -0.100260612093968D+00
  0.143011559830797D+00 -0.100271167136694D+00
  0.144448849902064D+00 -0.100282148264138D+00
  0.145900584978696D+00 -0.100293572601919D+00
  0.147366910235410D+00 -0.100305457960376D+00
  0.148847972305953D+00 -0.100317822861803D+00
  0.150343919297768D+00 -0.100330686568763D+00
  0.151854900806799D+00 -0.100344069113528D+00
  0.153381067932457D+00 -0.100357991328687D+00
  0.154922573292726D+00 -0.100372474878970D+00
  0.156479571039428D+00 -0.100387542294339D+00
  0.158052216873633D+00 -0.100403217004389D+00
  0.159640668061236D+00 -0.100419523374127D+00
  0.161245083448679D+00 -0.100436486741167D+00
  0.162865623478839D+00 -0.100454133454413D+00
  0.164502450207069D+00 -0.100472490914281D+00
  0.166155727317405D+00 -0.100491587614528D+00
  0.167825620138936D+00 -0.100511453185745D+00
  0.169512295662337D+00 -0.100532118440602D+00
  0.171215922556564D+00 -0.100553615420888D+00
  0.172936671185727D+00 -0.100575977446444D+00
  0.174674713626124D+00 -0.100599239166055D+00
  0.176430223683446D+00 -0.100623436610389D+00
  0.178203376910161D+00 -0.100648607247052D+00
  0.179994350623071D+00 -0.100674790037875D+00
  0.181803323921040D+00 -0.100702025498499D+00
  0.183630477702903D+00 -0.100730355760365D+00
  0.185475994685563D+00 -0.100759824635216D+00
  0.187340059422255D+00 -0.100790477682205D+00
  0.189222858321007D+00 -0.100822362277731D+00
  0.191124579663277D+00 -0.100855527688109D+00
  0.193045413622784D+00 -0.100890025145198D+00
  0.194985552284525D+00 -0.100925907925124D+00
  0.196945189663983D+00 -0.100963231430214D+00
  0.198924521726530D+00 -0.101002053274288D+00
  0.200923746407019D+00 -0.101042433371467D+00
  0.202943063629587D+00 -0.101084434028624D+00
  0.204982675327637D+00 -0.101128120041667D+00
  0.207042785464040D+00 -0.101173558795800D+00
  0.209123600051525D+00 -0.101220820369957D+00
  0.211225327173285D+00 -0.101269977645581D+00
  0.213348177003785D+00 -0.101321106419955D+00
  0.215492361829776D+00 -0.101374285524278D+00
  0.217658096071527D+00 -0.101429596946716D+00
  0.219845596304268D+00 -0.101487125960650D+00
  0.222055081279844D+00 -0.101546961258350D+00
  0.224286771948595D+00 -0.101609195090350D+00
  0.226540891481447D+00 -0.101673923410765D+00
  0.228817665292232D+00 -0.101741246028846D+00
  0.231117321060228D+00 -0.101811266767066D+00
  0.233440088752929D+00 -0.101884093626043D+00
  0.235786200649039D+00 -0.101959838956627D+00
  0.238155891361703D+00 -0.102038619639511D+00
  0.240549397861967D+00 -0.102120557272722D+00
  0.242966959502475D+00 -0.102205778367372D+00
  0.245408818041408D+00 -0.102294414552100D+00
  0.247875217666652D+00 -0.102386602786621D+00
  0.250366405020226D+00 -0.102482485584840D+00
  0.252882629222942D+00 -0.102582211248026D+00
  0.255424141899316D+00 -0.102685934108556D+00
  0.257991197202735D+00 -0.102793814784768D+00
  0.260584051840867D+00 -0.102906020447507D+00
  0.263202965101337D+00 -0.103022725098976D+00
  0.265848198877654D+00 -0.103144109864530D+00
  0.268520017695399D+00 -0.103270363298124D+00
  0.271218688738682D+00 -0.103401681702129D+00
  0.273944481876854D+00 -0.103538269462293D+00
  0.276697669691503D+00 -0.103680339398699D+00
  0.279478527503702D+00 -0.103828113133560D+00
  0.282287333401552D+00 -0.103981821476826D+00
  0.285124368267981D+00 -0.104141704830568D+00
  0.287989915808842D+00 -0.104308013613219D+00
  0.290884262581277D+00 -0.104481008704795D+00
  0.293807698022374D+00 -0.104660961914289D+00
  0.296760514478113D+00 -0.104848156470544D+00
  0.299743007232602D+00 -0.105042887537950D+00
  0.302755474537600D+00 -0.105245462758439D+00
  0.305798217642350D+00 -0.105456202821332D+00
  0.308871540823696D+00 -0.105675442062702D+00
  0.311975751416519D+00 -0.105903529096027D+00
  0.315111159844464D+00 -0.106140827476038D+00
  0.318278079650987D+00 -0.106387716397794D+00
  0.321476827530707D+00 -0.106644591433137D+00
  0.324707723361079D+00 -0.106911865306879D+00
  0.327971090234378D+00 -0.107189968715180D+00
  0.331267254490010D+00 -0.107479351188790D+00
  0.334596545747148D+00 -0.107780482004003D+00
  0.337959296937692D+00 -0.108093851144377D+00
  0.341355844339564D+00 -0.108419970316486D+00
  0.344786527610334D+00 -0.108759374023215D+00
  0.348251689821188D+00 -0.109112620698357D+00
  0.351751677491235D+00 -0.109480293906550D+00
  0.355286840622158D+00 -0.109863003612873D+00
  0.358857532733217D+00 -0.110261387526759D+00
  0.362464110896598D+00 -0.110676112525210D+00
  0.366106935773123D+00 -0.111107876160667D+00
  0.369786371648316D+00 -0.111557408259302D+00
  0.373502786468830D+00 -0.112025472615915D+00
  0.377256551879244D+00 -0.112512868792091D+00
  0.381048043259227D+00 -0.113020434024766D+00
  0.384877639761078D+00 -0.113549045252906D+00
  0.388745724347637D+00 -0.114099621270569D+00
  0.392652683830586D+00 -0.114673125015271D+00
  0.396598908909131D+00 -0.115270566001249D+00
  0.400584794209066D+00 -0.115893002907945D+00
  0.404610738322244D+00 -0.116541546334850D+00
  0.408677143846431D+00 -0.117217361734702D+00
  0.412784417425568D+00 -0.117921672537940D+00
  0.416932969790436D+00 -0.118655763482377D+00
  0.421123215799729D+00 -0.119420984163082D+00
  0.425355574481538D+00 -0.120218752818688D+00
  0.429630469075260D+00 -0.121050560371592D+00
  0.433948327073916D+00 -0.121917974740903D+00
  0.438309580266904D+00 -0.122822645448475D+00
  0.442714664783177D+00 -0.123766308539998D+00
  0.447164021134860D+00 -0.124750791844831D+00
  0.451658094261293D+00 -0.125778020600186D+00
  0.456197333573536D+00 -0.126850023467289D+00
  0.460782192999302D+00 -0.127968938969376D+00
  0.465413131028355D+00 -0.129137022383745D+00
  0.470090610758355D+00 -0.130356653122698D+00
  0.474815099941175D+00 -0.131630342640990D+00
  0.479587071029670D+00 -0.132960742910416D+00
  0.484407001224925D+00 -0.134350655505446D+00
  0.489275372523976D+00 -0.135803041347331D+00
  0.494192671768011D+00 -0.137321031157930D+00
  0.499159390691051D+00 -0.138907936678593D+00
  0.504176025969127D+00 -0.140567262713886D+00
  0.509243079269949D+00 -0.142302720064723D+00
  0.514361057303068D+00 -0.144118239420607D+00
  0.519530471870553D+00 -0.146017986286232D+00
  0.524751839918169D+00 -0.148006377023652D+00
  0.530025683587071D+00 -0.150088096097622D+00
  0.535352530266021D+00 -0.152268114618588D+00
  0.540732912644127D+00 -0.154551710285136D+00
  0.546167368764109D+00 -0.156944488835615D+00
  0.551656442076109D+00 -0.159452407127006D+00
  0.557200681492031D+00 -0.162081797968083D+00
  0.562800641440438D+00 -0.164839396843418D+00
  0.568456881921992D+00 -0.167732370674888D+00
  0.574169968565453D+00 -0.170768348777951D+00
  0.579940472684247D+00 -0.173955456181264D+00
  0.585768971333595D+00 -0.177302349489929D+00
  0.591656047368219D+00 -0.180818255484997D+00
  0.597602289500628D+00 -0.184513012664617D+00
  0.603608292359990D+00 -0.188397115945398D+00
  0.609674656551598D+00 -0.192481764756031D+00
  0.615801988716924D+00 -0.196778914768887D+00
  0.621990901594292D+00 -0.201301333529008D+00
  0.628242014080147D+00 -0.206062660253392D+00
  0.634555951290946D+00 -0.211077470086534D+00
  0.640933344625674D+00 -0.216361343110492D+00
  0.647374831828976D+00 -0.221930938418838D+00
  0.653881057054943D+00 -0.227804073573354D+00
  0.660452670931517D+00 -0.233999809769545D+00
  0.667090330625564D+00 -0.240538543041341D+00
  0.673794699908584D+00 -0.247442101835841D+00
  0.680566449223092D+00 -0.254733851284645D+00
  0.687406255749663D+00 -0.262438804488036D+00
  0.694314803474649D+00 -0.270583741110538D+00
  0.701292783258581D+00 -0.279197333559666D+00
  0.708340892905250D+00 -0.288310280981959D+00
  0.715459837231497D+00 -0.297955451259482D+00
  0.722650328137685D+00 -0.308168031123375D+00
  0.729913084678898D+00 -0.318985684415627D+00
  0.737248833136841D+00 -0.330448718422908D+00
  0.744658307092474D+00 -0.342600258072995D+00
  0.752142247499367D+00 -0.355486427620963D+00
  0.759701402757797D+00 -0.369156539253961D+00
  0.767336528789590D+00 -0.383663287804879D+00
  0.775048389113711D+00 -0.399062950480614D+00
  0.782837754922619D+00 -0.415415590173760D+00
  0.790705405159386D+00 -0.432785260530515D+00
  0.798652126595593D+00 -0.451240210485441D+00
  0.806678713910004D+00 -0.470853085437943D+00
  0.814785969768042D+00 -0.491701121628673D+00
  0.822974704902046D+00 -0.513866329569220D+00
  0.831245738192356D+00 -0.537435661578857D+00
  0.839599896749192D+00 -0.562501157581960D+00
  0.848038015995371D+00 -0.589160062315050D+00
  0.856560939749851D+00 -0.617514905981038D+00
  0.865169520312109D+00 -0.647673539171640D+00
  0.873864618547375D+00 -0.679749111562001D+00
  0.882647103972719D+00 -0.713859982475124D+00
  0.891517854844001D+00 -0.750129549934711D+00
  0.900477758243703D+00 -0.788685983299093D+00
  0.909527710169629D+00 -0.829661843031346D+00
  0.918668615624514D+00 -0.873193569658785D+00
  0.927901388706522D+00 -0.919420822569700D+00
  0.937226952700654D+00 -0.968485648063178D+00
  0.946646240171081D+00 -0.102053145510319D+01
  0.956160193054400D+00 -0.107570177664364D+01
  0.965769762753827D+00 -0.113413879431955D+01
  0.975475910234340D+00 -0.119598160489304D+01
  0.985279606118776D+00 -0.126136420827270D+01
  0.995181830784893D+00 -0.133041319937817D+01
  0.100518357446341D+01 -0.140324514979650D+01
  0.101528583733703D+01 -0.147996367027700D+01
  0.102548962964045D+01 -0.156065615183375D+01
  0.103579597176142D+01 -0.164539019175005D+01
  0.104620589434273D+01 -0.173420972125158D+01
  0.105672043838532D+01 -0.182713086412649D+01
  0.106734065535235D+01 -0.192413757013420D+01
  0.107806760727436D+01 -0.202517708357170D+01
  0.108890236685550D+01 -0.213015532563719D+01
  0.109984601758074D+01 -0.223893228886922D+01
  0.111089965382429D+01 -0.235131756238750D+01
  0.112206438095896D+01 -0.246706612715793D+01
  0.113334131546680D+01 -0.258587458007747D+01
  0.114473158505063D+01 -0.270737796314047D+01
  0.115623632874691D+01 -0.283114738793240D+01
  0.116785669703960D+01 -0.295668865467092D+01
  0.117959385197521D+01 -0.308344206736118D+01
  0.119144896727902D+01 -0.321078364073554D+01
  0.120342322847244D+01 -0.333802787900454D+01
  0.121551783299155D+01 -0.346443227980783D+01
  0.122773399030690D+01 -0.358920367827836D+01
  0.124007292204440D+01 -0.371150649554835D+01
  0.125253586210750D+01 -0.383047289378023D+01
  0.126512405680059D+01 -0.394521476720291D+01
  0.127783876495364D+01 -0.405483741791285D+01
  0.129068125804805D+01 -0.415845467956817D+01
  0.130365282034384D+01 -0.425520516566650D+01
  0.131675474900804D+01 -0.434426923672481D+01
  0.132998835424444D+01 -0.442488620773624D+01
  0.134335495942459D+01 -0.449637125930057D+01
  0.135685590122016D+01 -0.455813147808385D+01
  0.137049252973656D+01 -0.460968043930469D+01
  0.138426620864802D+01 -0.465065075911701D+01
  0.139817831533390D+01 -0.468080408977917D+01
  0.141223024101646D+01 -0.470003810511798D+01
  0.142642339089999D+01 -0.470839012562082D+01
  0.144075918431130D+01 -0.470603715696605D+01
  0.145523905484168D+01 -0.469329225644824D+01
  0.146986445049025D+01 -0.467059729054574D+01
  0.148463683380875D+01 -0.463851229487154D+01
  0.149955768204784D+01 -0.459770178579462D+01
  0.151462848730477D+01 -0.454891849257535D+01
  0.152985075667262D+01 -0.449298507274943D+01
  0.154522601239102D+01 -0.443077443660364D+01
  0.156075579199835D+01 -0.436318933636285D+01
  0.157644164848552D+01 -0.429114187244837D+01
  0.159228515045124D+01 -0.421553353605885D+01
  0.160828788225892D+01 -0.413723635024595D+01
  0.162445144419506D+01 -0.405707559874765D+01
  0.164077745262934D+01 -0.397581455293928D+01
  0.165726754017620D+01 -0.389414153321468D+01
  0.167392335585814D+01 -0.381265958302825D+01
  0.169074656527060D+01 -0.373187900235475D+01
  0.170773885074856D+01 -0.365221299183523D+01
  0.172490191153470D+01 -0.357397670673098D+01
  0.174223746394943D+01 -0.349739011549295D+01
  0.175974724156242D+01 -0.342258520207187D+01
  0.177743299536602D+01 -0.334961824044641D+01
  0.179529649395037D+01 -0.327848809606605D+01
  0.181333952368019D+01 -0.320916142187890D+01
  0.183156388887350D+01 -0.314159725942008D+01
  0.184997141198201D+01 -0.307575496505610D+01
  0.186856393377336D+01 -0.301159451155740D+01
  0.188734331351523D+01 -0.294907648127596D+01
  0.190631142916125D+01 -0.288816205565782D+01
  0.192547017753878D+01 -0.282881300898525D+01
  0.194482147453862D+01 -0.277099168642408D+01
  0.196436725530661D+01 -0.271466101890909D+01
  0.198410947443711D+01 -0.265978448326888D+01
  0.200405010616849D+01 -0.260632608328584D+01
  0.202419114458053D+01 -0.255425035247452D+01
  0.204453460379385D+01 -0.250352232434203D+01
  0.206508251817134D+01 -0.245410751486469D+01
  0.208583694252156D+01 -0.240597189974849D+01
  0.210679995230423D+01 -0.235908189458822D+01
  0.212797364383781D+01 -0.231340433336926D+01
  0.214936013450908D+01 -0.226890644923134D+01
  0.217096156298495D+01 -0.222555585587251D+01
  0.219278008942625D+01 -0.218332053296499D+01
  0.221481789570382D+01 -0.214216881190790D+01
  0.223707718561665D+01 -0.210206937026509D+01
  0.225956018511228D+01 -0.206299121401832D+01
  0.228226914250939D+01 -0.202490371065301D+01
  0.230520632872265D+01 -0.198777656168385D+01
  0.232837403748980D+01 -0.195157980676777D+01
  0.235177458560101D+01 -0.191628386586510D+01
  0.237541031313060D+01 -0.188185953934260D+01
  0.239928358367102D+01 -0.184827803469339D+01
  0.242339678456921D+01 -0.181551098945195D+01
  0.244775232716537D+01 -0.178353049941677D+01
  0.247235264703404D+01 -0.175230914772195D+01
  0.249720020422772D+01 -0.172182003562552D+01
  0.252229748352282D+01 -0.169203681382660D+01
  0.254764699466820D+01 -0.166293371390821D+01
  0.257325127263610D+01 -0.163448557945840D+01
  0.259911287787564D+01 -0.160666789644019D+01
  0.262523439656890D+01 -0.157945682269142D+01
  0.265161844088952D+01 -0.155282921631984D+01
  0.267826764926392D+01 -0.152676266313322D+01
  0.270518468663515D+01 -0.150123550305681D+01
  0.273237224472936D+01 -0.147622685587620D+01
  0.275983304232504D+01 -0.145171664633169D+01
  0.278756982552481D+01 -0.142768562903547D+01
  0.281558536803012D+01 -0.140411541309860D+01
  0.284388247141856D+01 -0.138098848707647D+01
  0.287246396542406D+01 -0.135828824359773D+01
  0.290133270821982D+01 -0.133599900473199D+01
  0.293049158670419D+01 -0.131410604603260D+01
  0.295994351678932D+01 -0.129259562170437D+01
  0.298969144369275D+01 -0.127145498518717D+01
  0.301973834223197D+01 -0.125067241569986D+01
  0.305008721712187D+01 -0.123023723115714D+01
  0.308074110327523D+01 -0.121013980203485D+01
  0.311170306610621D+01 -0.119037156426427D+01
  0.314297620183689D+01 -0.117092501961058D+01
  0.317456363780692D+01 -0.115179373058838D+01
  0.320646853278620D+01 -0.113297230574440D+01
  0.323869407729083D+01 -0.111445637483281D+01
  0.327124349390210D+01 -0.109624255256913D+01
  0.330412003758882D+01 -0.107832839035422D+01
  0.333732699603273D+01 -0.106071231559572D+01
  0.337086768995737D+01 -0.104339355854179D+01
  0.340474547346006D+01 -0.102637206711386D+01
  0.343896373434740D+01 -0.100964841046463D+01
  0.347352589447398D+01 -0.993223672592530D+00
  0.350843541008463D+01 -0.977099337536916D+00
  0.354369577215999D+01 -0.961277168191696D+00
  0.357931050676566D+01 -0.945759080857206D+00
  0.361528317540477D+01 -0.930547017976119D+00
  0.365161737537417D+01 -0.915642821512212D+00
  0.368831674012413D+01 -0.901048109360497D+00
  0.372538493962172D+01 -0.886764156553227D+00
  0.376282568071776D+01 -0.872791787619990D+00
  0.380064270751757D+01 -0.859131270351228D+00
  0.383883980175534D+01 -0.845782231109751D+00
  0.387742078317234D+01 -0.832743575010620D+00
  0.391638950989885D+01 -0.820013422919442D+00
  0.395574987884001D+01 -0.807589061901324D+00
  0.399550582606553D+01 -0.795466910338915D+00
  0.403566132720326D+01 -0.783642497622226D+00
  0.407622039783677D+01 -0.772110458318538D+00
  0.411718709390692D+01 -0.760864540323766D+00
  0.415856551211746D+01 -0.749897626508141D+00
  0.420035979034470D+01 -0.739201769039896D+00
  0.424257410805129D+01 -0.728768235650391D+00
  0.428521268670417D+01 -0.718587566832500D+00
  0.432827979019674D+01 -0.708649643090491D+00
  0.437177972527525D+01 -0.698943761117732D+00
  0.441571684196944D+01 -0.689458717926158D+00
  0.446009553402761D+01 -0.680182901712783D+00
  0.450492023935594D+01 -0.671104388396538D+00
  0.455019544046231D+01 -0.662211042512131D+00
  0.459592566490458D+01 -0.653490621277405D+00
  0.464211548574328D+01 -0.644930880403746D+00
  0.468876952199901D+01 -0.636519680360421D+00
  0.473589243911425D+01 -0.628245091493544D+00
  0.478348894942000D+01 -0.620095496655530D+00
  0.483156381260694D+01 -0.612059689797092D+00
  0.488012183620146D+01 -0.604126968698863D+00
  0.492916787604638D+01 -0.596287220911281D+00
  0.497870683678656D+01 -0.588531001826485D+00
  0.502874367235935D+01 -0.580849600223052D+00
  0.507928338649002D+01 -0.573235097451368D+00
  0.513033103319208D+01 -0.565680417971389D+00
  0.518189171727275D+01 -0.558179338855836D+00
  0.523397059484341D+01 -0.550726533992216D+00
  0.528657287383521D+01 -0.543317582826048D+00
  0.533970381451988D+01 -0.535948946112777D+00
  0.539336873003577D+01 -0.528617957575710D+00
  0.544757298691916D+01 -0.521322793528780D+00
  0.550232200564090D+01 -0.514062433172021D+00
  0.555762126114848D+01 -0.506836609606413D+00
  0.561347628341355D+01 -0.499645753172943D+00
  0.566989265798487D+01 -0.492490928469378D+00
  0.572687602654691D+01 -0.485373766762489D+00
  0.578443208748403D+01 -0.478296395202173D+00
  0.584256659645026D+01 -0.471261364520432D+00
  0.590128536694497D+01 -0.464271576485310D+00
  0.596059427089412D+01 -0.457330212585628D+00
  0.602049923923754D+01 -0.450440664942261D+00
  0.608100626252198D+01 -0.443606470605402D+00
  0.614212139150020D+01 -0.436831249884079D+00
  0.620385073773602D+01 -0.430118649509257D+00
  0.626620047421550D+01 -0.423472290915628D+00
  0.632917683596426D+01 -0.416895724112474D+00
  0.639278612067095D+01 -0.410392387087605D+00
  0.645703468931704D+01 -0.403965570929644D+00
  0.652192896681295D+01 -0.397618390468971D+00
  0.658747544264049D+01 -0.391353760111962D+00
  0.665368067150188D+01 -0.385174374482156D+00
  0.672055127397517D+01 -0.379082698926158D+00
  0.678809393717634D+01 -0.373080944993769D+00
  0.685631541542799D+01 -0.367171079175496D+00
  0.692522253093480D+01 -0.361354820718612D+00
  0.699482217446574D+01 -0.355633631117338D+00
  0.706512130604316D+01 -0.350008723157539D+00
  0.713612695563881D+01 -0.344481065614768D+00
  0.720784622387682D+01 -0.339051390382327D+00
  0.728028628274377D+01 -0.333720201203496D+00
  0.735345437630592D+01 -0.328487783530894D+00
  0.742735782143360D+01 -0.323354215433365D+00
  0.750200400853291D+01 -0.318319379100921D+00
  0.757740040228476D+01 -0.313382972866212D+00
  0.765355454239136D+01 -0.308544523464834D+00
  0.773047404433019D+01 -0.303803398464390D+00
  0.780816660011553D+01 -0.299158818503441D+00
  0.788663997906771D+01 -0.294609869529310D+00
  0.796590202859002D+01 -0.290155514631869D+00
  0.804596067495346D+01 -0.285794605655027D+00
  0.812682392408939D+01 -0.281525894279167D+00
  0.820849986239010D+01 -0.277348042770448D+00
  0.829099665751749D+01 -0.273259634117507D+00
  0.837432255921982D+01 -0.269259181778981D+00
  0.845848590015670D+01 -0.265345138778388D+00
  0.854349509673235D+01 -0.261515906392426D+00
  0.862935864993728D+01 -0.257769842181765D+00
  0.871608514619836D+01 -0.254105267621500D+00
  0.880368325823749D+01 -0.250520475092211D+00
  0.889216174593887D+01 -0.247013734496527D+00
  0.898152945722500D+01 -0.243583299267098D+00
  0.907179532894149D+01 -0.240227412035520D+00
  0.916296838775072D+01 -0.236944309733969D+00
  0.925505775103457D+01 -0.233732228397991D+00
  0.934807262780609D+01 -0.230589407445011D+00
  0.944202231963048D+01 -0.227514093698576D+00
  0.953691622155521D+01 -0.224504544930119D+00
  0.963276382304955D+01 -0.221559033191873D+00
  0.972957470895352D+01 -0.218675847705800D+00
  0.982735856043640D+01 -0.215853297587368D+00
  0.992612515596481D+01 -0.213089714162451D+00
  0.100258843722806D+02 -0.210383453158252D+00
  0.101266461853886D+02 -0.207732896520124D+00
  0.102284206715540D+02 -0.205136454139597D+00
  0.103312180083103D+02 -0.202592565237130D+00
  0.104350484754768D+02 -0.200099699688036D+00
  0.105399224561867D+02 -0.197656359031101D+00
  0.106458504379255D+02 -0.195261077444942D+00
  0.107528430135798D+02 -0.192912422432943D+00
  0.108609108824961D+02 -0.190608995500078D+00
  0.109700648515514D+02 -0.188349432555781D+00
  0.110803158362337D+02 -0.186132404331775D+00
  0.111916748617332D+02 -0.183956616542764D+00
  0.113041530640453D+02 -0.181820810077428D+00
  0.114177616910839D+02 -0.179723760949814D+00
  0.115325121038065D+02 -0.177664280292603D+00
  0.116484157773500D+02 -0.175641214124860D+00
  0.117654843021782D+02 -0.173653443170181D+00
  0.118837293852412D+02 -0.171699882462307D+00
  0.120031628511459D+02 -0.169779481006390D+00
  0.121237966433384D+02 -0.167891221234502D+00
  0.122456428252985D+02 -0.166034118523132D+00
  0.123687135817458D+02 -0.164207220506392D+00
  0.124930212198585D+02 -0.162409606452308D+00
  0.126185781705042D+02 -0.160640386432429D+00
  0.127453969894824D+02 -0.158898700550819D+00
  0.128734903587807D+02 -0.157183717957644D+00
  0.130028710878429D+02 -0.155494635908175D+00
  0.131335521148496D+02 -0.153830678589605D+00
  0.132655465080125D+02 -0.152191095973783D+00
  0.133988674668808D+02 -0.150575162371338D+00
  0.135335283236616D+02 -0.148982175049953D+00
  0.136695425445527D+02 -0.147411452371122D+00
  0.138069237310896D+02 -0.145862331966216D+00
  0.139456856215054D+02 -0.144334168462386D+00
  0.140858420921048D+02 -0.142826330904871D+00
  0.142274071586517D+02 -0.141338199480609D+00
  0.143703949777706D+02 -0.139869664116546D+00
  0.145148198483627D+02 -0.138420625363359D+00
  0.146606962130353D+02 -0.136990658490789D+00
  0.148080386595466D+02 -0.135579367436774D+00
  0.149568619222638D+02 -0.134186231647188D+00
  0.151071808836374D+02 -0.132810757332516D+00
  0.152590105756887D+02 -0.131452476170871D+00
  0.154123661815135D+02 -0.130110943911848D+00
  0.155672630368000D+02 -0.128785739159463D+00
  0.157237166313631D+02 -0.127476462077758D+00
  0.158817426106924D+02 -0.126182733273188D+00
  0.160413567775176D+02 -0.124904192597610D+00
  0.162025750933884D+02 -0.123640498128563D+00
  0.163654136802707D+02 -0.122391325066893D+00
  0.165298888221590D+02 -0.121156364810029D+00
  0.166960169667044D+02 -0.119935323941832D+00
  0.168638147268599D+02 -0.118727923395054D+00
  0.170332988825413D+02 -0.117533897529357D+00
  0.172044863823054D+02 -0.116352993378899D+00
  0.173773943450448D+02 -0.115184969813646D+00
  0.175520400617000D+02 -0.114029596867252D+00
  0.177284409969881D+02 -0.112886654977801D+00
  0.179066147911497D+02 -0.111755934390440D+00
  0.180865792617125D+02 -0.110637234472859D+00
  0.182683524052738D+02 -0.109530363188059D+00
  0.184519523992993D+02 -0.108435136478098D+00
  0.186373976039413D+02 -0.107351377803525D+00
  0.188247065638750D+02 -0.106278917589083D+00
  0.190138980101524D+02 -0.105217592825567D+00
  0.192049908620758D+02 -0.104167246571943D+00
  0.193980042290895D+02 -0.103127727613606D+00
  0.195929574126913D+02 -0.102098890018186D+00
  0.197898699083618D+02 -0.101080592843180D+00
  0.199887614075148D+02 -0.100072699740750D+00
  0.201896517994659D+02 -0.990750787110975D-01
  0.203925611734217D+02 -0.980876017506372D-01
  0.205975098204887D+02 -0.971101446467272D-01
  0.208045182357024D+02 -0.961425866647707D-01
  0.210136071200768D+02 -0.951848103799595D-01
  0.212247973826747D+02 -0.942367013991025D-01
  0.214381101426982D+02 -0.932981482253518D-01
  0.216535667316011D+02 -0.923690420108801D-01
  0.218711886952218D+02 -0.914492764508609D-01
  0.220909977959382D+02 -0.905387475634794D-01
  0.223130160148434D+02 -0.896373536098456D-01
  0.225372655539442D+02 -0.887449948982074D-01
  0.227637688383816D+02 -0.878615737268721D-01
  0.229925485186728D+02 -0.869869942099276D-01
  0.232236274729763D+02 -0.861211622406518D-01
  0.234570288093801D+02 -0.852639853363205D-01
  0.236927758682126D+02 -0.844153726196072D-01
  0.239308922243758D+02 -0.835752346795360D-01
  0.241714016897040D+02 -0.827434835667140D-01
  0.244143283153441D+02 -0.819200326636985D-01
  0.246596963941610D+02 -0.811047966827907D-01
  0.249075304631672D+02 -0.802976915275290D-01
  0.251578553059760D+02 -0.794986342666128D-01
  0.254106959552804D+02 -0.787075429571737D-01
  0.256660776953560D+02 -0.779243365809790D-01
  0.259240260645895D+02 -0.771489348640582D-01
  0.261845668580330D+02 -0.763812582840687D-01
  0.264477261299828D+02 -0.756212280413897D-01
  0.267135301965854D+02 -0.748687662361717D-01
  0.269820056384691D+02 -0.741237959293414D-01
  0.272531793034017D+02 -0.733862412833794D-01
  0.275270783089756D+02 -0.726560275031421D-01
  0.278037300453198D+02 -0.719330808535708D-01
  0.280831621778384D+02 -0.712173285251853D-01
  0.283654026499774D+02 -0.705086986291635D-01
  0.286504796860194D+02 -0.698071200733725D-01
  0.289384217939055D+02 -0.691125225814302D-01
  0.292292577680863D+02 -0.684248365934751D-01
  0.295230166924018D+02 -0.677439933059259D-01
  0.298197279429891D+02 -0.670699245875103D-01
  0.301194211912206D+02 -0.664025630298338D-01
  0.304221264066708D+02 -0.657418418705762D-01
  0.307278738601135D+02 -0.650876950489131D-01
  0.310366941265489D+02 -0.644400571317563D-01
  0.313486180882609D+02 -0.637988633712824D-01
  0.316636769379057D+02 -0.631640496324111D-01
  0.319819021816308D+02 -0.625355524512868D-01
  0.323033256422257D+02 -0.619133089632738D-01
  0.326279794623044D+02 -0.612972569619174D-01
  0.329558961075193D+02 -0.606873348271687D-01
  0.332871083698084D+02 -0.600834815846540D-01
  0.336216493706737D+02 -0.594856368340072D-01
  0.339595525644943D+02 -0.588937408083768D-01
  0.343008517418711D+02 -0.583077343028344D-01
  0.346455810330062D+02 -0.577275587340821D-01
  0.349937749111159D+02 -0.571531560689188D-01
  0.353454681958784D+02 -0.565844688841412D-01
  0.357006960569151D+02 -0.560214402950624D-01
  0.360594940173082D+02 -0.554640140155966D-01
  0.364218979571527D+02 -0.549121342868209D-01
  0.367879441171446D+02 -0.543657459372478D-01
  0.371576691022050D+02 -0.538247943114316D-01
  0.375311098851404D+02 -0.532892253304146D-01
  0.379083038103403D+02 -0.527589854203825D-01
  0.382892885975116D+02 -0.522340215732781D-01
  0.386741023454505D+02 -0.517142812755074D-01
  0.390627835358525D+02 -0.511997125687183D-01
  0.394553710371605D+02 -0.506902639785504D-01
  0.398519041084518D+02 -0.501858845755817D-01
  0.402524224033640D+02 -0.496865239041198D-01
  0.406569659740603D+02 -0.491921320433097D-01
  0.410655752752350D+02 -0.487026595359682D-01
  0.414782911681585D+02 -0.482180574498528D-01
  0.418951549247643D+02 -0.477382773065318D-01
  0.423162082317753D+02 -0.472632711428118D-01
  0.427414931948731D+02 -0.467929914396495D-01
  0.431710523429084D+02 -0.463273911837326D-01
  0.436049286321540D+02 -0.458664237964255D-01
  0.440431654506003D+02 -0.454100431955016D-01
  0.444858066222945D+02 -0.449582037241318D-01
  0.449328964117226D+02 -0.445108602127602D-01
  0.453844795282360D+02 -0.440679679081322D-01
  0.458406011305228D+02 -0.436294825353091D-01
  0.463013068311232D+02 -0.431953602267325D-01
  0.467666427009913D+02 -0.427655575843834D-01
  0.472366552741019D+02 -0.423400316088840D-01
  0.477113915521038D+02 -0.419187397617932D-01
  0.481908990090206D+02 -0.415016398947429D-01
  0.486752255959976D+02 -0.410886903118689D-01
  0.491644197460969D+02 -0.406798496989806D-01
  0.496585303791413D+02 -0.402750771861251D-01
  0.501576069066059D+02 -0.398743322767897D-01
  0.506616992365594D+02 -0.394775749105966D-01
  0.511708577786546D+02 -0.390847653925384D-01
  0.516851334491703D+02 -0.386958644557988D-01
  0.522045776761020D+02 -0.383108331910210D-01
  0.527292424043052D+02 -0.379296331092531D-01
  0.532591801006901D+02 -0.375522260712475D-01
  0.537944437594678D+02 -0.371785743505275D-01
  0.543350869074504D+02 -0.368086405627199D-01
  0.548811636094030D+02 -0.364423877287396D-01
  0.554327284734511D+02 -0.360797792041501D-01
  0.559898366565406D+02 -0.357207787424686D-01
  0.565525438699541D+02 -0.353653504245549D-01
  0.571209063848819D+02 -0.350134587220311D-01
  0.576949810380490D+02 -0.346650684266980D-01
  0.582748252373993D+02 -0.343201447140673D-01
  0.588604969678359D+02 -0.339786530728081D-01
  0.594520547970198D+02 -0.336405593683866D-01
  0.600495578812270D+02 -0.333058297725392D-01
  0.606530659712637D+02 -0.329744308270231D-01
  0.612626394184420D+02 -0.326463293731112D-01
  0.618783391806144D+02 -0.323214926154488D-01
  0.625002268282704D+02 -0.319998880515749D-01
  0.631283645506930D+02 -0.316814835358787D-01
  0.637628151621777D+02 -0.313662472091430D-01
  0.644036421083145D+02 -0.310541475626001D-01
  0.650509094723320D+02 -0.307451533674943D-01
  0.657046819815060D+02 -0.304392337392260D-01
  0.663650250136323D+02 -0.301363580669315D-01
  0.670320046035642D+02 -0.298364960777036D-01
  0.677056874498168D+02 -0.295396177661628D-01
  0.683861409212359D+02 -0.292456934665397D-01
  0.690734330637358D+02 -0.289546937747333D-01
  0.697676326071034D+02 -0.286665896052044D-01
  0.704688089718716D+02 -0.283813521284477D-01
  0.711770322762612D+02 -0.280989528355242D-01
  0.718923733431929D+02 -0.278193634677506D-01
  0.726149037073694D+02 -0.275425560813232D-01
  0.733446956224292D+02 -0.272685029770327D-01
  0.740818220681720D+02 -0.269971767649772D-01
  0.748263567578568D+02 -0.267285502943048D-01
  0.755783741455728D+02 -0.264625967180131D-01
  0.763379494336856D+02 -0.261992894227135D-01
  0.771051585803569D+02 -0.259386020935193D-01
  0.778800783071407D+02 -0.256805083295273D-01
  0.786627861066556D+02 -0.254249830064262D-01
  0.794533602503336D+02 -0.251720001943602D-01
  0.802518797962481D+02 -0.249215346117458D-01
  0.810584245970189D+02 -0.246735611949037D-01
  0.818730753077984D+02 -0.244280551632016D-01
  0.826959133943364D+02 -0.241849919489121D-01
  0.835270211411274D+02 -0.239443472624344D-01
  0.843664816596386D+02 -0.237060970221726D-01
  0.852143788966213D+02 -0.234702174198345D-01
  0.860707976425060D+02 -0.232366848503293D-01
  0.869358235398808D+02 -0.230054759771429D-01
  0.878095430920563D+02 -0.227765676622545D-01
  0.886920436717159D+02 -0.225499370315859D-01
  0.895834135296530D+02 -0.223255614049378D-01
  0.904837418035961D+02 -0.221034183615113D-01
  0.913931185271229D+02 -0.218834856698630D-01
  0.923116346386637D+02 -0.216657413534976D-01
  0.932393819905949D+02 -0.214501636208418D-01
  0.941764533584250D+02 -0.212367309309057D-01
  0.951229424500715D+02 -0.210254219232762D-01
  0.960789439152324D+02 -0.208162154838463D-01
  0.970445533548509D+02 -0.206090906748245D-01
  0.980198673306756D+02 -0.204040268005337D-01
  0.990049833749169D+02 -0.202010033374361D-01
  0.100000000000000D+03 -0.199999999999986D-01
