#     Ultrasoft pseudopotential             : C 
#              by  GGA (PBE)  / scalar relativistic atomic calculation.
#
#     ---- valence electron configuration for constructing pp. ----
#      2S        2P    
#      2.0000    2.0000
#     --------------------
#C 1546 (0.1353478433E+01 )   : R_cut_local-V
#L  0.1200000000E+03          : 1 / logarithmic mesh
#Z  0.4000000000E+01          : core charge         
#  r [ bohr ]        local potential 
  0.346664911165126E-05 -0.330000000003268E+01
  0.349565855906737E-05 -0.330000000003323E+01
  0.352491076195491E-05 -0.330000000003379E+01
  0.355440775172862E-05 -0.330000000003436E+01
  0.358415157680241E-05 -0.330000000003493E+01
  0.361414430273166E-05 -0.330000000003552E+01
  0.364438801235659E-05 -0.330000000003612E+01
  0.367488480594699E-05 -0.330000000003673E+01
  0.370563680134799E-05 -0.330000000003734E+01
  0.373664613412718E-05 -0.330000000003797E+01
  0.376791495772293E-05 -0.330000000003861E+01
  0.379944544359387E-05 -0.330000000003926E+01
  0.383123978136975E-05 -0.330000000003992E+01
  0.386330017900348E-05 -0.330000000004059E+01
  0.389562886292444E-05 -0.330000000004127E+01
  0.392822807819312E-05 -0.330000000004196E+01
  0.396110008865700E-05 -0.330000000004267E+01
  0.399424717710782E-05 -0.330000000004339E+01
  0.402767164544002E-05 -0.330000000004412E+01
  0.406137581481068E-05 -0.330000000004486E+01
  0.409536202580066E-05 -0.330000000004561E+01
  0.412963263857716E-05 -0.330000000004638E+01
  0.416419003305761E-05 -0.330000000004716E+01
  0.419903660907497E-05 -0.330000000004795E+01
  0.423417478654436E-05 -0.330000000004875E+01
  0.426960700563109E-05 -0.330000000004957E+01
  0.430533572692020E-05 -0.330000000005041E+01
  0.434136343158722E-05 -0.330000000005125E+01
  0.437769262157059E-05 -0.330000000005212E+01
  0.441432581974531E-05 -0.330000000005299E+01
  0.445126557009820E-05 -0.330000000005388E+01
  0.448851443790455E-05 -0.330000000005479E+01
  0.452607500990626E-05 -0.330000000005571E+01
  0.456394989449148E-05 -0.330000000005665E+01
  0.460214172187575E-05 -0.330000000005760E+01
  0.464065314428465E-05 -0.330000000005857E+01
  0.467948683613799E-05 -0.330000000005955E+01
  0.471864549423553E-05 -0.330000000006055E+01
  0.475813183794428E-05 -0.330000000006157E+01
  0.479794860938730E-05 -0.330000000006260E+01
  0.483809857363416E-05 -0.330000000006365E+01
  0.487858451889296E-05 -0.330000000006472E+01
  0.491940925670396E-05 -0.330000000006581E+01
  0.496057562213478E-05 -0.330000000006692E+01
  0.500208647397735E-05 -0.330000000006804E+01
  0.504394469494641E-05 -0.330000000006919E+01
  0.508615319187966E-05 -0.330000000007035E+01
  0.512871489593970E-05 -0.330000000007153E+01
  0.517163276281753E-05 -0.330000000007273E+01
  0.521490977293781E-05 -0.330000000007396E+01
  0.525854893166585E-05 -0.330000000007520E+01
  0.530255326951634E-05 -0.330000000007646E+01
  0.534692584236375E-05 -0.330000000007775E+01
  0.539166973165458E-05 -0.330000000007905E+01
  0.543678804462135E-05 -0.330000000008038E+01
  0.548228391449837E-05 -0.330000000008173E+01
  0.552816050073933E-05 -0.330000000008311E+01
  0.557442098923671E-05 -0.330000000008450E+01
  0.562106859254304E-05 -0.330000000008592E+01
  0.566810655009394E-05 -0.330000000008737E+01
  0.571553812843315E-05 -0.330000000008884E+01
  0.576336662143934E-05 -0.330000000009033E+01
  0.581159535055487E-05 -0.330000000009185E+01
  0.586022766501640E-05 -0.330000000009339E+01
  0.590926694208755E-05 -0.330000000009496E+01
  0.595871658729338E-05 -0.330000000009656E+01
  0.600858003465689E-05 -0.330000000009818E+01
  0.605886074693752E-05 -0.330000000009983E+01
  0.610956221587162E-05 -0.330000000010151E+01
  0.616068796241490E-05 -0.330000000010321E+01
  0.621224153698698E-05 -0.330000000010495E+01
  0.626422651971791E-05 -0.330000000010671E+01
  0.631664652069683E-05 -0.330000000010851E+01
  0.636950518022267E-05 -0.330000000011033E+01
  0.642280616905689E-05 -0.330000000011218E+01
  0.647655318867849E-05 -0.330000000011407E+01
  0.653074997154098E-05 -0.330000000011599E+01
  0.658540028133161E-05 -0.330000000011794E+01
  0.664050791323276E-05 -0.330000000011992E+01
  0.669607669418545E-05 -0.330000000012193E+01
  0.675211048315513E-05 -0.330000000012398E+01
  0.680861317139967E-05 -0.330000000012607E+01
  0.686558868273957E-05 -0.330000000012819E+01
  0.692304097383046E-05 -0.330000000013034E+01
  0.698097403443787E-05 -0.330000000013253E+01
  0.703939188771428E-05 -0.330000000013476E+01
  0.709829859047854E-05 -0.330000000013702E+01
  0.715769823349757E-05 -0.330000000013932E+01
  0.721759494177045E-05 -0.330000000014167E+01
  0.727799287481489E-05 -0.330000000014405E+01
  0.733889622695606E-05 -0.330000000014647E+01
  0.740030922761788E-05 -0.330000000014893E+01
  0.746223614161676E-05 -0.330000000015143E+01
  0.752468126945772E-05 -0.330000000015398E+01
  0.758764894763307E-05 -0.330000000015657E+01
  0.765114354892354E-05 -0.330000000015920E+01
  0.771516948270196E-05 -0.330000000016187E+01
  0.777973119523946E-05 -0.330000000016459E+01
  0.784483317001425E-05 -0.330000000016736E+01
  0.791047992802296E-05 -0.330000000017017E+01
  0.797667602809461E-05 -0.330000000017303E+01
  0.804342606720720E-05 -0.330000000017594E+01
  0.811073468080693E-05 -0.330000000017890E+01
  0.817860654313014E-05 -0.330000000018190E+01
  0.824704636752788E-05 -0.330000000018496E+01
  0.831605890679323E-05 -0.330000000018807E+01
  0.838564895349137E-05 -0.330000000019123E+01
  0.845582134029240E-05 -0.330000000019444E+01
  0.852658094030695E-05 -0.330000000019771E+01
  0.859793266742455E-05 -0.330000000020103E+01
  0.866988147665494E-05 -0.330000000020441E+01
  0.874243236447212E-05 -0.330000000020785E+01
  0.881559036916133E-05 -0.330000000021134E+01
  0.888936057116898E-05 -0.330000000021489E+01
  0.896374809345540E-05 -0.330000000021850E+01
  0.903875810185064E-05 -0.330000000022218E+01
  0.911439580541322E-05 -0.330000000022591E+01
  0.919066645679184E-05 -0.330000000022971E+01
  0.926757535259015E-05 -0.330000000023357E+01
  0.934512783373461E-05 -0.330000000023749E+01
  0.942332928584535E-05 -0.330000000024148E+01
  0.950218513961020E-05 -0.330000000024554E+01
  0.958170087116180E-05 -0.330000000024967E+01
  0.966188200245791E-05 -0.330000000025387E+01
  0.974273410166487E-05 -0.330000000025813E+01
  0.982426278354429E-05 -0.330000000026247E+01
  0.990647370984294E-05 -0.330000000026688E+01
  0.998937258968598E-05 -0.330000000027137E+01
  0.100729651799734E-04 -0.330000000027593E+01
  0.101572572857797E-04 -0.330000000028057E+01
  0.102422547607573E-04 -0.330000000028528E+01
  0.103279635075428E-04 -0.330000000029007E+01
  0.104143894781668E-04 -0.330000000029495E+01
  0.105015386744678E-04 -0.330000000029991E+01
  0.105894171485081E-04 -0.330000000030495E+01
  0.106780310029950E-04 -0.330000000031007E+01
  0.107673863917039E-04 -0.330000000031528E+01
  0.108574895199061E-04 -0.330000000032058E+01
  0.109483466447994E-04 -0.330000000032597E+01
  0.110399640759430E-04 -0.330000000033145E+01
  0.111323481756952E-04 -0.330000000033702E+01
  0.112255053596557E-04 -0.330000000034268E+01
  0.113194420971108E-04 -0.330000000034844E+01
  0.114141649114828E-04 -0.330000000035430E+01
  0.115096803807830E-04 -0.330000000036025E+01
  0.116059951380685E-04 -0.330000000036631E+01
  0.117031158719027E-04 -0.330000000037246E+01
  0.118010493268202E-04 -0.330000000037872E+01
  0.118998023037946E-04 -0.330000000038509E+01
  0.119993816607113E-04 -0.330000000039156E+01
  0.120997943128434E-04 -0.330000000039814E+01
  0.122010472333321E-04 -0.330000000040483E+01
  0.123031474536708E-04 -0.330000000041164E+01
  0.124061020641938E-04 -0.330000000041855E+01
  0.125099182145681E-04 -0.330000000042559E+01
  0.126146031142903E-04 -0.330000000043274E+01
  0.127201640331872E-04 -0.330000000044001E+01
  0.128266083019207E-04 -0.330000000044741E+01
  0.129339433124964E-04 -0.330000000045493E+01
  0.130421765187779E-04 -0.330000000046257E+01
  0.131513154370034E-04 -0.330000000047035E+01
  0.132613676463084E-04 -0.330000000047825E+01
  0.133723407892516E-04 -0.330000000048629E+01
  0.134842425723459E-04 -0.330000000049446E+01
  0.135970807665935E-04 -0.330000000050277E+01
  0.137108632080253E-04 -0.330000000051122E+01
  0.138255977982455E-04 -0.330000000051982E+01
  0.139412925049802E-04 -0.330000000052855E+01
  0.140579553626304E-04 -0.330000000053743E+01
  0.141755944728304E-04 -0.330000000054647E+01
  0.142942180050101E-04 -0.330000000055565E+01
  0.144138341969624E-04 -0.330000000056499E+01
  0.145344513554155E-04 -0.330000000057449E+01
  0.146560778566094E-04 -0.330000000058414E+01
  0.147787221468777E-04 -0.330000000059396E+01
  0.149023927432343E-04 -0.330000000060394E+01
  0.150270982339648E-04 -0.330000000061409E+01
  0.151528472792229E-04 -0.330000000062441E+01
  0.152796486116317E-04 -0.330000000063490E+01
  0.154075110368901E-04 -0.330000000064557E+01
  0.155364434343847E-04 -0.330000000065642E+01
  0.156664547578060E-04 -0.330000000066746E+01
  0.157975540357704E-04 -0.330000000067867E+01
  0.159297503724471E-04 -0.330000000069008E+01
  0.160630529481904E-04 -0.330000000070168E+01
  0.161974710201771E-04 -0.330000000071347E+01
  0.163330139230497E-04 -0.330000000072546E+01
  0.164696910695641E-04 -0.330000000073765E+01
  0.166075119512439E-04 -0.330000000075005E+01
  0.167464861390389E-04 -0.330000000076266E+01
  0.168866232839903E-04 -0.330000000077547E+01
  0.170279331179005E-04 -0.330000000078851E+01
  0.171704254540093E-04 -0.330000000080176E+01
  0.173141101876751E-04 -0.330000000081523E+01
  0.174589972970621E-04 -0.330000000082893E+01
  0.176050968438333E-04 -0.330000000084287E+01
  0.177524189738493E-04 -0.330000000085703E+01
  0.179009739178729E-04 -0.330000000087144E+01
  0.180507719922792E-04 -0.330000000088608E+01
  0.182018235997725E-04 -0.330000000090097E+01
  0.183541392301085E-04 -0.330000000091611E+01
  0.185077294608227E-04 -0.330000000093151E+01
  0.186626049579651E-04 -0.330000000094717E+01
  0.188187764768408E-04 -0.330000000096308E+01
  0.189762548627570E-04 -0.330000000097927E+01
  0.191350510517758E-04 -0.330000000099573E+01
  0.192951760714743E-04 -0.330000000101246E+01
  0.194566410417099E-04 -0.330000000102948E+01
  0.196194571753926E-04 -0.330000000104678E+01
  0.197836357792638E-04 -0.330000000106437E+01
  0.199491882546814E-04 -0.330000000108226E+01
  0.201161260984116E-04 -0.330000000110045E+01
  0.202844609034273E-04 -0.330000000111894E+01
  0.204542043597132E-04 -0.330000000113775E+01
  0.206253682550775E-04 -0.330000000115687E+01
  0.207979644759706E-04 -0.330000000117631E+01
  0.209720050083106E-04 -0.330000000119608E+01
  0.211475019383155E-04 -0.330000000121619E+01
  0.213244674533426E-04 -0.330000000123663E+01
  0.215029138427349E-04 -0.330000000125741E+01
  0.216828534986745E-04 -0.330000000127854E+01
  0.218642989170432E-04 -0.330000000130003E+01
  0.220472626982901E-04 -0.330000000132188E+01
  0.222317575483070E-04 -0.330000000134409E+01
  0.224177962793103E-04 -0.330000000136668E+01
  0.226053918107311E-04 -0.330000000138965E+01
  0.227945571701123E-04 -0.330000000141301E+01
  0.229853054940131E-04 -0.330000000143675E+01
  0.231776500289217E-04 -0.330000000146090E+01
  0.233716041321747E-04 -0.330000000148545E+01
  0.235671812728849E-04 -0.330000000151042E+01
  0.237643950328769E-04 -0.330000000153580E+01
  0.239632591076299E-04 -0.330000000156161E+01
  0.241637873072290E-04 -0.330000000158786E+01
  0.243659935573243E-04 -0.330000000161454E+01
  0.245698919000977E-04 -0.330000000164168E+01
  0.247754964952382E-04 -0.330000000166927E+01
  0.249828216209254E-04 -0.330000000169732E+01
  0.251918816748208E-04 -0.330000000172585E+01
  0.254026911750677E-04 -0.330000000175485E+01
  0.256152647612995E-04 -0.330000000178435E+01
  0.258296171956561E-04 -0.330000000181434E+01
  0.260457633638094E-04 -0.330000000184483E+01
  0.262637182759969E-04 -0.330000000187583E+01
  0.264834970680640E-04 -0.330000000190736E+01
  0.267051150025150E-04 -0.330000000193941E+01
  0.269285874695734E-04 -0.330000000197201E+01
  0.271539299882504E-04 -0.330000000200515E+01
  0.273811582074224E-04 -0.330000000203885E+01
  0.276102879069183E-04 -0.330000000207312E+01
  0.278413349986148E-04 -0.330000000210796E+01
  0.280743155275418E-04 -0.330000000214338E+01
  0.283092456729961E-04 -0.330000000217941E+01
  0.285461417496658E-04 -0.330000000221604E+01
  0.287850202087623E-04 -0.330000000225328E+01
  0.290258976391637E-04 -0.330000000229115E+01
  0.292687907685660E-04 -0.330000000232965E+01
  0.295137164646453E-04 -0.330000000236881E+01
  0.297606917362289E-04 -0.330000000240862E+01
  0.300097337344765E-04 -0.330000000244910E+01
  0.302608597540716E-04 -0.330000000249026E+01
  0.305140872344219E-04 -0.330000000253211E+01
  0.307694337608708E-04 -0.330000000257467E+01
  0.310269170659188E-04 -0.330000000261794E+01
  0.312865550304542E-04 -0.330000000266193E+01
  0.315483656849957E-04 -0.330000000270667E+01
  0.318123672109440E-04 -0.330000000275216E+01
  0.320785779418443E-04 -0.330000000279841E+01
  0.323470163646601E-04 -0.330000000284545E+01
  0.326177011210564E-04 -0.330000000289327E+01
  0.328906510086944E-04 -0.330000000294189E+01
  0.331658849825372E-04 -0.330000000299133E+01
  0.334434221561657E-04 -0.330000000304161E+01
  0.337232818031064E-04 -0.330000000309273E+01
  0.340054833581695E-04 -0.330000000314470E+01
  0.342900464187984E-04 -0.330000000319755E+01
  0.345769907464314E-04 -0.330000000325129E+01
  0.348663362678730E-04 -0.330000000330594E+01
  0.351581030766786E-04 -0.330000000336150E+01
  0.354523114345493E-04 -0.330000000341799E+01
  0.357489817727395E-04 -0.330000000347543E+01
  0.360481346934750E-04 -0.330000000353384E+01
  0.363497909713845E-04 -0.330000000359323E+01
  0.366539715549420E-04 -0.330000000365362E+01
  0.369606975679211E-04 -0.330000000371503E+01
  0.372699903108629E-04 -0.330000000377746E+01
  0.375818712625543E-04 -0.330000000384095E+01
  0.378963620815200E-04 -0.330000000390550E+01
  0.382134846075267E-04 -0.330000000397114E+01
  0.385332608630994E-04 -0.330000000403788E+01
  0.388557130550511E-04 -0.330000000410574E+01
  0.391808635760247E-04 -0.330000000417474E+01
  0.395087350060481E-04 -0.330000000424491E+01
  0.398393501141024E-04 -0.330000000431625E+01
  0.401727318597029E-04 -0.330000000438879E+01
  0.405089033944939E-04 -0.330000000446255E+01
  0.408478880638558E-04 -0.330000000453755E+01
  0.411897094085269E-04 -0.330000000461380E+01
  0.415343911662380E-04 -0.330000000469135E+01
  0.418819572733607E-04 -0.330000000477019E+01
  0.422324318665700E-04 -0.330000000485036E+01
  0.425858392845200E-04 -0.330000000493188E+01
  0.429422040695348E-04 -0.330000000501476E+01
  0.433015509693119E-04 -0.330000000509904E+01
  0.436639049386416E-04 -0.330000000518474E+01
  0.440292911411397E-04 -0.330000000527188E+01
  0.443977349509947E-04 -0.330000000536048E+01
  0.447692619547306E-04 -0.330000000545057E+01
  0.451438979529828E-04 -0.330000000554217E+01
  0.455216689622908E-04 -0.330000000563531E+01
  0.459026012169043E-04 -0.330000000573002E+01
  0.462867211706051E-04 -0.330000000582632E+01
  0.466740554985444E-04 -0.330000000592424E+01
  0.470646310990950E-04 -0.330000000602381E+01
  0.474584750957196E-04 -0.330000000612505E+01
  0.478556148388539E-04 -0.330000000622798E+01
  0.482560779078064E-04 -0.330000000633265E+01
  0.486598921126733E-04 -0.330000000643908E+01
  0.490670854962701E-04 -0.330000000654730E+01
  0.494776863360788E-04 -0.330000000665734E+01
  0.498917231462114E-04 -0.330000000676922E+01
  0.503092246793907E-04 -0.330000000688299E+01
  0.507302199289465E-04 -0.330000000699867E+01
  0.511547381308292E-04 -0.330000000711629E+01
  0.515828087656400E-04 -0.330000000723589E+01
  0.520144615606785E-04 -0.330000000735749E+01
  0.524497264920067E-04 -0.330000000748115E+01
  0.528886337865308E-04 -0.330000000760688E+01
  0.533312139241004E-04 -0.330000000773472E+01
  0.537774976396252E-04 -0.330000000786471E+01
  0.542275159252092E-04 -0.330000000799689E+01
  0.546813000323031E-04 -0.330000000813129E+01
  0.551388814738745E-04 -0.330000000826795E+01
  0.556002920265963E-04 -0.330000000840690E+01
  0.560655637330533E-04 -0.330000000854819E+01
  0.565347289039678E-04 -0.330000000869185E+01
  0.570078201204430E-04 -0.330000000883793E+01
  0.574848702362256E-04 -0.330000000898646E+01
  0.579659123799877E-04 -0.330000000913749E+01
  0.584509799576270E-04 -0.330000000929106E+01
  0.589401066545868E-04 -0.330000000944721E+01
  0.594333264381956E-04 -0.330000000960598E+01
  0.599306735600253E-04 -0.330000000976742E+01
  0.604321825582704E-04 -0.330000000993158E+01
  0.609378882601462E-04 -0.330000001009849E+01
  0.614478257843075E-04 -0.330000001026821E+01
  0.619620305432873E-04 -0.330000001044078E+01
  0.624805382459560E-04 -0.330000001061625E+01
  0.630033849000014E-04 -0.330000001079467E+01
  0.635306068144290E-04 -0.330000001097609E+01
  0.640622406020836E-04 -0.330000001116056E+01
  0.645983231821919E-04 -0.330000001134813E+01
  0.651388917829263E-04 -0.330000001153885E+01
  0.656839839439903E-04 -0.330000001173277E+01
  0.662336375192251E-04 -0.330000001192996E+01
  0.667878906792388E-04 -0.330000001213046E+01
  0.673467819140570E-04 -0.330000001233433E+01
  0.679103500357956E-04 -0.330000001254162E+01
  0.684786341813562E-04 -0.330000001275240E+01
  0.690516738151438E-04 -0.330000001296672E+01
  0.696295087318079E-04 -0.330000001318464E+01
  0.702121790590055E-04 -0.330000001340623E+01
  0.707997252601877E-04 -0.330000001363154E+01
  0.713921881374104E-04 -0.330000001386064E+01
  0.719896088341670E-04 -0.330000001409358E+01
  0.725920288382459E-04 -0.330000001433044E+01
  0.731994899846117E-04 -0.330000001457129E+01
  0.738120344583104E-04 -0.330000001481618E+01
  0.744297047973989E-04 -0.330000001506518E+01
  0.750525438958989E-04 -0.330000001531837E+01
  0.756805950067758E-04 -0.330000001557582E+01
  0.763139017449427E-04 -0.330000001583759E+01
  0.769525080902885E-04 -0.330000001610376E+01
  0.775964583907329E-04 -0.330000001637441E+01
  0.782457973653053E-04 -0.330000001664960E+01
  0.789005701072513E-04 -0.330000001692942E+01
  0.795608220871631E-04 -0.330000001721394E+01
  0.802265991561381E-04 -0.330000001750324E+01
  0.808979475489625E-04 -0.330000001779741E+01
  0.815749138873223E-04 -0.330000001809652E+01
  0.822575451830408E-04 -0.330000001840065E+01
  0.829458888413434E-04 -0.330000001870990E+01
  0.836399926641498E-04 -0.330000001902435E+01
  0.843399048533931E-04 -0.330000001934408E+01
  0.850456740143679E-04 -0.330000001966918E+01
  0.857573491591051E-04 -0.330000001999974E+01
  0.864749797097756E-04 -0.330000002033587E+01
  0.871986155021229E-04 -0.330000002067764E+01
  0.879283067889233E-04 -0.330000002102515E+01
  0.886641042434761E-04 -0.330000002137851E+01
  0.894060589631225E-04 -0.330000002173780E+01
  0.901542224727939E-04 -0.330000002210314E+01
  0.909086467285903E-04 -0.330000002247461E+01
  0.916693841213882E-04 -0.330000002285232E+01
  0.924364874804789E-04 -0.330000002323639E+01
  0.932100100772373E-04 -0.330000002362691E+01
  0.939900056288213E-04 -0.330000002402399E+01
  0.947765283019021E-04 -0.330000002442774E+01
  0.955696327164258E-04 -0.330000002483828E+01
  0.963693739494066E-04 -0.330000002525572E+01
  0.971758075387517E-04 -0.330000002568018E+01
  0.979889894871175E-04 -0.330000002611177E+01
  0.988089762657996E-04 -0.330000002655061E+01
  0.996358248186539E-04 -0.330000002699683E+01
  0.100469592566051E-03 -0.330000002745055E+01
  0.101310337408864E-03 -0.330000002791189E+01
  0.102158117732489E-03 -0.330000002838099E+01
  0.103012992410901E-03 -0.330000002885797E+01
  0.103875020810740E-03 -0.330000002934297E+01
  0.104744262795436E-03 -0.330000002983611E+01
  0.105620778729365E-03 -0.330000003033755E+01
  0.106504629482041E-03 -0.330000003084741E+01
  0.107395876432345E-03 -0.330000003136584E+01
  0.108294581472783E-03 -0.330000003189299E+01
  0.109200807013789E-03 -0.330000003242899E+01
  0.110114615988056E-03 -0.330000003297401E+01
  0.111036071854909E-03 -0.330000003352818E+01
  0.111965238604708E-03 -0.330000003409166E+01
  0.112902180763295E-03 -0.330000003466462E+01
  0.113846963396475E-03 -0.330000003524720E+01
  0.114799652114532E-03 -0.330000003583958E+01
  0.115760313076789E-03 -0.330000003644191E+01
  0.116729012996197E-03 -0.330000003705437E+01
  0.117705819143974E-03 -0.330000003767711E+01
  0.118690799354273E-03 -0.330000003831033E+01
  0.119684022028893E-03 -0.330000003895418E+01
  0.120685556142031E-03 -0.330000003960886E+01
  0.121695471245067E-03 -0.330000004027454E+01
  0.122713837471403E-03 -0.330000004095141E+01
  0.123740725541324E-03 -0.330000004163965E+01
  0.124776206766913E-03 -0.330000004233946E+01
  0.125820353057007E-03 -0.330000004305103E+01
  0.126873236922183E-03 -0.330000004377456E+01
  0.127934931479799E-03 -0.330000004451025E+01
  0.129005510459071E-03 -0.330000004525830E+01
  0.130085048206192E-03 -0.330000004601893E+01
  0.131173619689495E-03 -0.330000004679234E+01
  0.132271300504658E-03 -0.330000004757875E+01
  0.133378166879958E-03 -0.330000004837837E+01
  0.134494295681560E-03 -0.330000004919144E+01
  0.135619764418856E-03 -0.330000005001816E+01
  0.136754651249852E-03 -0.330000005085878E+01
  0.137899034986587E-03 -0.330000005171353E+01
  0.139052995100614E-03 -0.330000005258265E+01
  0.140216611728518E-03 -0.330000005346637E+01
  0.141389965677475E-03 -0.330000005436494E+01
  0.142573138430869E-03 -0.330000005527862E+01
  0.143766212153952E-03 -0.330000005620765E+01
  0.144969269699545E-03 -0.330000005715229E+01
  0.146182394613793E-03 -0.330000005811281E+01
  0.147405671141970E-03 -0.330000005908948E+01
  0.148639184234327E-03 -0.330000006008255E+01
  0.149883019551991E-03 -0.330000006109232E+01
  0.151137263472914E-03 -0.330000006211906E+01
  0.152402003097872E-03 -0.330000006316305E+01
  0.153677326256515E-03 -0.330000006422459E+01
  0.154963321513463E-03 -0.330000006530397E+01
  0.156260078174459E-03 -0.330000006640149E+01
  0.157567686292570E-03 -0.330000006751746E+01
  0.158886236674442E-03 -0.330000006865218E+01
  0.160215820886602E-03 -0.330000006980597E+01
  0.161556531261822E-03 -0.330000007097915E+01
  0.162908460905528E-03 -0.330000007217205E+01
  0.164271703702267E-03 -0.330000007338500E+01
  0.165646354322224E-03 -0.330000007461833E+01
  0.167032508227801E-03 -0.330000007587239E+01
  0.168430261680243E-03 -0.330000007714753E+01
  0.169839711746323E-03 -0.330000007844409E+01
  0.171260956305085E-03 -0.330000007976245E+01
  0.172694094054639E-03 -0.330000008110297E+01
  0.174139224519016E-03 -0.330000008246601E+01
  0.175596448055078E-03 -0.330000008385196E+01
  0.177065865859490E-03 -0.330000008526120E+01
  0.178547579975745E-03 -0.330000008669413E+01
  0.180041693301253E-03 -0.330000008815114E+01
  0.181548309594485E-03 -0.330000008963264E+01
  0.183067533482176E-03 -0.330000009113903E+01
  0.184599470466597E-03 -0.330000009267075E+01
  0.186144226932876E-03 -0.330000009422820E+01
  0.187701910156387E-03 -0.330000009581183E+01
  0.189272628310205E-03 -0.330000009742208E+01
  0.190856490472608E-03 -0.330000009905939E+01
  0.192453606634662E-03 -0.330000010072421E+01
  0.194064087707853E-03 -0.330000010241701E+01
  0.195688045531792E-03 -0.330000010413827E+01
  0.197325592881979E-03 -0.330000010588845E+01
  0.198976843477641E-03 -0.330000010766805E+01
  0.200641911989619E-03 -0.330000010947755E+01
  0.202320914048341E-03 -0.330000011131747E+01
  0.204013966251847E-03 -0.330000011318831E+01
  0.205721186173888E-03 -0.330000011509059E+01
  0.207442692372088E-03 -0.330000011702484E+01
  0.209178604396180E-03 -0.330000011899159E+01
  0.210929042796308E-03 -0.330000012099141E+01
  0.212694129131399E-03 -0.330000012302483E+01
  0.214473985977601E-03 -0.330000012509242E+01
  0.216268736936799E-03 -0.330000012719477E+01
  0.218078506645199E-03 -0.330000012933245E+01
  0.219903420781979E-03 -0.330000013150605E+01
  0.221743606078020E-03 -0.330000013371618E+01
  0.223599190324709E-03 -0.330000013596346E+01
  0.225470302382809E-03 -0.330000013824851E+01
  0.227357072191407E-03 -0.330000014057196E+01
  0.229259630776944E-03 -0.330000014293446E+01
  0.231178110262309E-03 -0.330000014533666E+01
  0.233112643876014E-03 -0.330000014777924E+01
  0.235063365961449E-03 -0.330000015026286E+01
  0.237030411986209E-03 -0.330000015278823E+01
  0.239013918551503E-03 -0.330000015535604E+01
  0.241014023401641E-03 -0.330000015796701E+01
  0.243030865433595E-03 -0.330000016062185E+01
  0.245064584706651E-03 -0.330000016332132E+01
  0.247115322452131E-03 -0.330000016606615E+01
  0.249183221083203E-03 -0.330000016885711E+01
  0.251268424204769E-03 -0.330000017169498E+01
  0.253371076623440E-03 -0.330000017458054E+01
  0.255491324357589E-03 -0.330000017751460E+01
  0.257629314647496E-03 -0.330000018049797E+01
  0.259785195965566E-03 -0.330000018353148E+01
  0.261959118026648E-03 -0.330000018661597E+01
  0.264151231798423E-03 -0.330000018975230E+01
  0.266361689511897E-03 -0.330000019294134E+01
  0.268590644671965E-03 -0.330000019618398E+01
  0.270838252068077E-03 -0.330000019948111E+01
  0.273104667784981E-03 -0.330000020283365E+01
  0.275390049213570E-03 -0.330000020624254E+01
  0.277694555061806E-03 -0.330000020970872E+01
  0.280018345365742E-03 -0.330000021323316E+01
  0.282361581500640E-03 -0.330000021681682E+01
  0.284724426192173E-03 -0.330000022046072E+01
  0.287107043527727E-03 -0.330000022416586E+01
  0.289509598967797E-03 -0.330000022793326E+01
  0.291932259357477E-03 -0.330000023176398E+01
  0.294375192938044E-03 -0.330000023565908E+01
  0.296838569358646E-03 -0.330000023961965E+01
  0.299322559688080E-03 -0.330000024364678E+01
  0.301827336426672E-03 -0.330000024774158E+01
  0.304353073518259E-03 -0.330000025190521E+01
  0.306899946362264E-03 -0.330000025613881E+01
  0.309468131825881E-03 -0.330000026044357E+01
  0.312057808256354E-03 -0.330000026482067E+01
  0.314669155493366E-03 -0.330000026927133E+01
  0.317302354881523E-03 -0.330000027379679E+01
  0.319957589282953E-03 -0.330000027839831E+01
  0.322635043090001E-03 -0.330000028307717E+01
  0.325334902238034E-03 -0.330000028783466E+01
  0.328057354218357E-03 -0.330000029267210E+01
  0.330802588091228E-03 -0.330000029759085E+01
  0.333570794498993E-03 -0.330000030259226E+01
  0.336362165679320E-03 -0.330000030767772E+01
  0.339176895478551E-03 -0.330000031284865E+01
  0.342015179365165E-03 -0.330000031810649E+01
  0.344877214443350E-03 -0.330000032345270E+01
  0.347763199466692E-03 -0.330000032888875E+01
  0.350673334851978E-03 -0.330000033441616E+01
  0.353607822693112E-03 -0.330000034003647E+01
  0.356566866775152E-03 -0.330000034575124E+01
  0.359550672588459E-03 -0.330000035156205E+01
  0.362559447342969E-03 -0.330000035747051E+01
  0.365593399982583E-03 -0.330000036347828E+01
  0.368652741199676E-03 -0.330000036958702E+01
  0.371737683449727E-03 -0.330000037579842E+01
  0.374848440966078E-03 -0.330000038211421E+01
  0.377985229774806E-03 -0.330000038853615E+01
  0.381148267709729E-03 -0.330000039506602E+01
  0.384337774427529E-03 -0.330000040170563E+01
  0.387553971423010E-03 -0.330000040845683E+01
  0.390797082044478E-03 -0.330000041532149E+01
  0.394067331509252E-03 -0.330000042230152E+01
  0.397364946919304E-03 -0.330000042939886E+01
  0.400690157277029E-03 -0.330000043661547E+01
  0.404043193501149E-03 -0.330000044395338E+01
  0.407424288442750E-03 -0.330000045141461E+01
  0.410833676901449E-03 -0.330000045900123E+01
  0.414271595641706E-03 -0.330000046671536E+01
  0.417738283409258E-03 -0.330000047455913E+01
  0.421233980947704E-03 -0.330000048253473E+01
  0.424758931015223E-03 -0.330000049064436E+01
  0.428313378401431E-03 -0.330000049889030E+01
  0.431897569944380E-03 -0.330000050727481E+01
  0.435511754547701E-03 -0.330000051580024E+01
  0.439156183197889E-03 -0.330000052446895E+01
  0.442831108981730E-03 -0.330000053328335E+01
  0.446536787103882E-03 -0.330000054224589E+01
  0.450273474904591E-03 -0.330000055135905E+01
  0.454041431877569E-03 -0.330000056062537E+01
  0.457840919688008E-03 -0.330000057004743E+01
  0.461672202190754E-03 -0.330000057962783E+01
  0.465535545448634E-03 -0.330000058936925E+01
  0.469431217750925E-03 -0.330000059927439E+01
  0.473359489631992E-03 -0.330000060934599E+01
  0.477320633890072E-03 -0.330000061958686E+01
  0.481314925606219E-03 -0.330000062999984E+01
  0.485342642163408E-03 -0.330000064058783E+01
  0.489404063265796E-03 -0.330000065135376E+01
  0.493499470958147E-03 -0.330000066230063E+01
  0.497629149645420E-03 -0.330000067343147E+01
  0.501793386112515E-03 -0.330000068474938E+01
  0.505992469544195E-03 -0.330000069625751E+01
  0.510226691545162E-03 -0.330000070795904E+01
  0.514496346160314E-03 -0.330000071985724E+01
  0.518801729895159E-03 -0.330000073195540E+01
  0.523143141736409E-03 -0.330000074425688E+01
  0.527520883172741E-03 -0.330000075676511E+01
  0.531935258215737E-03 -0.330000076948356E+01
  0.536386573420994E-03 -0.330000078241575E+01
  0.540875137909412E-03 -0.330000079556529E+01
  0.545401263388662E-03 -0.330000080893582E+01
  0.549965264174832E-03 -0.330000082253107E+01
  0.554567457214256E-03 -0.330000083635480E+01
  0.559208162105522E-03 -0.330000085041085E+01
  0.563887701121668E-03 -0.330000086470314E+01
  0.568606399232561E-03 -0.330000087923563E+01
  0.573364584127468E-03 -0.330000089401236E+01
  0.578162586237806E-03 -0.330000090903742E+01
  0.583000738760095E-03 -0.330000092431501E+01
  0.587879377679093E-03 -0.330000093984935E+01
  0.592798841791131E-03 -0.330000095564477E+01
  0.597759472727638E-03 -0.330000097170566E+01
  0.602761614978866E-03 -0.330000098803646E+01
  0.607805615917816E-03 -0.330000100464173E+01
  0.612891825824357E-03 -0.330000102152607E+01
  0.618020597909555E-03 -0.330000103869418E+01
  0.623192288340200E-03 -0.330000105615082E+01
  0.628407256263538E-03 -0.330000107390084E+01
  0.633665863832215E-03 -0.330000109194918E+01
  0.638968476229427E-03 -0.330000111030084E+01
  0.644315461694275E-03 -0.330000112896092E+01
  0.649707191547344E-03 -0.330000114793461E+01
  0.655144040216485E-03 -0.330000116722718E+01
  0.660626385262819E-03 -0.330000118684399E+01
  0.666154607406954E-03 -0.330000120679049E+01
  0.671729090555427E-03 -0.330000122707221E+01
  0.677350221827365E-03 -0.330000124769479E+01
  0.683018391581364E-03 -0.330000126866396E+01
  0.688733993442603E-03 -0.330000128998555E+01
  0.694497424330173E-03 -0.330000131166548E+01
  0.700309084484648E-03 -0.330000133370976E+01
  0.706169377495874E-03 -0.330000135612453E+01
  0.712078710330997E-03 -0.330000137891601E+01
  0.718037493362730E-03 -0.330000140209054E+01
  0.724046140397843E-03 -0.330000142565453E+01
  0.730105068705906E-03 -0.330000144961456E+01
  0.736214699048266E-03 -0.330000147397726E+01
  0.742375455707262E-03 -0.330000149874942E+01
  0.748587766515693E-03 -0.330000152393790E+01
  0.754852062886529E-03 -0.330000154954970E+01
  0.761168779842869E-03 -0.330000157559195E+01
  0.767538356048150E-03 -0.330000160207188E+01
  0.773961233836615E-03 -0.330000162899683E+01
  0.780437859244023E-03 -0.330000165637429E+01
  0.786968682038631E-03 -0.330000168421187E+01
  0.793554155752425E-03 -0.330000171251730E+01
  0.800194737712613E-03 -0.330000174129843E+01
  0.806890889073390E-03 -0.330000177056327E+01
  0.813643074847959E-03 -0.330000180031995E+01
  0.820451763940822E-03 -0.330000183057673E+01
  0.827317429180347E-03 -0.330000186134201E+01
  0.834240547351602E-03 -0.330000189262434E+01
  0.841221599229464E-03 -0.330000192443242E+01
  0.848261069612008E-03 -0.330000195677507E+01
  0.855359447354173E-03 -0.330000198966128E+01
  0.862517225401711E-03 -0.330000202310020E+01
  0.869734900825417E-03 -0.330000205710109E+01
  0.877012974855653E-03 -0.330000209167342E+01
  0.884351952917151E-03 -0.330000212682678E+01
  0.891752344664115E-03 -0.330000216257094E+01
  0.899214664015612E-03 -0.330000219891583E+01
  0.906739429191263E-03 -0.330000223587154E+01
  0.914327162747229E-03 -0.330000227344835E+01
  0.921978391612501E-03 -0.330000231165668E+01
  0.929693647125492E-03 -0.330000235050715E+01
  0.937473465070934E-03 -0.330000239001056E+01
  0.945318385717091E-03 -0.330000243017788E+01
  0.953228953853269E-03 -0.330000247102026E+01
  0.961205718827659E-03 -0.330000251254905E+01
  0.969249234585477E-03 -0.330000255477579E+01
  0.977360059707440E-03 -0.330000259771221E+01
  0.985538757448552E-03 -0.330000264137023E+01
  0.993785895777219E-03 -0.330000268576198E+01
  0.100210204741470E-02 -0.330000273089979E+01
  0.101048778987486E-02 -0.330000277679621E+01
  0.101894370550430E-02 -0.330000282346398E+01
  0.102747038152278E-02 -0.330000287091606E+01
  0.103606841006400E-02 -0.330000291916563E+01
  0.104473838821675E-02 -0.330000296822611E+01
  0.105348091806631E-02 -0.330000301811111E+01
  0.106229660673633E-02 -0.330000306883450E+01
  0.107118606643095E-02 -0.330000312041036E+01
  0.108014991447734E-02 -0.330000317285302E+01
  0.108918877336855E-02 -0.330000322617705E+01
  0.109830327080674E-02 -0.330000328039727E+01
  0.110749403974679E-02 -0.330000333552872E+01
  0.111676171844023E-02 -0.330000339158674E+01
  0.112610695047959E-02 -0.330000344858688E+01
  0.113553038484306E-02 -0.330000350654499E+01
  0.114503267593961E-02 -0.330000356547717E+01
  0.115461448365437E-02 -0.330000362539977E+01
  0.116427647339452E-02 -0.330000368632946E+01
  0.117401931613543E-02 -0.330000374828315E+01
  0.118384368846734E-02 -0.330000381127806E+01
  0.119375027264226E-02 -0.330000387533168E+01
  0.120373975662141E-02 -0.330000394046181E+01
  0.121381283412297E-02 -0.330000400668653E+01
  0.122397020467027E-02 -0.330000407402426E+01
  0.123421257364033E-02 -0.330000414249368E+01
  0.124454065231289E-02 -0.330000421211382E+01
  0.125495515791980E-02 -0.330000428290403E+01
  0.126545681369480E-02 -0.330000435488396E+01
  0.127604634892375E-02 -0.330000442807361E+01
  0.128672449899530E-02 -0.330000450249330E+01
  0.129749200545194E-02 -0.330000457816373E+01
  0.130834961604151E-02 -0.330000465510589E+01
  0.131929808476910E-02 -0.330000473334117E+01
  0.133033817194944E-02 -0.330000481289130E+01
  0.134147064425969E-02 -0.330000489377838E+01
  0.135269627479268E-02 -0.330000497602487E+01
  0.136401584311059E-02 -0.330000505965363E+01
  0.137543013529911E-02 -0.330000514468788E+01
  0.138693994402200E-02 -0.330000523115125E+01
  0.139854606857616E-02 -0.330000531906774E+01
  0.141024931494713E-02 -0.330000540846180E+01
  0.142205049586506E-02 -0.330000549935824E+01
  0.143395043086113E-02 -0.330000559178232E+01
  0.144594994632451E-02 -0.330000568575971E+01
  0.145804987555971E-02 -0.330000578131651E+01
  0.147025105884444E-02 -0.330000587847928E+01
  0.148255434348801E-02 -0.330000597727500E+01
  0.149496058389013E-02 -0.330000607773111E+01
  0.150747064160026E-02 -0.330000617987553E+01
  0.152008538537743E-02 -0.330000628373662E+01
  0.153280569125058E-02 -0.330000638934323E+01
  0.154563244257941E-02 -0.330000649672471E+01
  0.155856653011568E-02 -0.330000660591088E+01
  0.157160885206512E-02 -0.330000671693206E+01
  0.158476031414977E-02 -0.330000682981911E+01
  0.159802182967090E-02 -0.330000694460338E+01
  0.161139431957241E-02 -0.330000706131676E+01
  0.162487871250480E-02 -0.330000717999166E+01
  0.163847594488969E-02 -0.330000730066105E+01
  0.165218696098476E-02 -0.330000742335845E+01
  0.166601271294944E-02 -0.330000754811795E+01
  0.167995416091095E-02 -0.330000767497421E+01
  0.169401227303098E-02 -0.330000780396245E+01
  0.170818802557299E-02 -0.330000793511851E+01
  0.172248240296992E-02 -0.330000806847884E+01
  0.173689639789262E-02 -0.330000820408046E+01
  0.175143101131875E-02 -0.330000834196105E+01
  0.176608725260231E-02 -0.330000848215891E+01
  0.178086613954372E-02 -0.330000862471299E+01
  0.179576869846051E-02 -0.330000876966288E+01
  0.181079596425860E-02 -0.330000891704885E+01
  0.182594898050415E-02 -0.330000906691184E+01
  0.184122879949604E-02 -0.330000921929349E+01
  0.185663648233895E-02 -0.330000937423611E+01
  0.187217309901707E-02 -0.330000953178276E+01
  0.188783972846833E-02 -0.330000969197719E+01
  0.190363745865942E-02 -0.330000985486391E+01
  0.191956738666128E-02 -0.330001002048815E+01
  0.193563061872531E-02 -0.330001018889595E+01
  0.195182827036020E-02 -0.330001036013406E+01
  0.196816146640937E-02 -0.330001053425006E+01
  0.198463134112912E-02 -0.330001071129232E+01
  0.200123903826735E-02 -0.330001089131002E+01
  0.201798571114306E-02 -0.330001107435316E+01
  0.203487252272636E-02 -0.330001126047258E+01
  0.205190064571928E-02 -0.330001144972000E+01
  0.206907126263722E-02 -0.330001164214798E+01
  0.208638556589102E-02 -0.330001183780998E+01
  0.210384475786982E-02 -0.330001203676034E+01
  0.212145005102452E-02 -0.330001223905434E+01
  0.213920266795198E-02 -0.330001244474816E+01
  0.215710384147998E-02 -0.330001265389895E+01
  0.217515481475276E-02 -0.330001286656481E+01
  0.219335684131737E-02 -0.330001308280480E+01
  0.221171118521076E-02 -0.330001330267901E+01
  0.223021912104751E-02 -0.330001352624850E+01
  0.224888193410840E-02 -0.330001375357539E+01
  0.226770092042960E-02 -0.330001398472281E+01
  0.228667738689272E-02 -0.330001421975499E+01
  0.230581265131556E-02 -0.330001445873720E+01
  0.232510804254363E-02 -0.330001470173584E+01
  0.234456490054239E-02 -0.330001494881841E+01
  0.236418457649037E-02 -0.330001520005354E+01
  0.238396843287294E-02 -0.330001545551102E+01
  0.240391784357697E-02 -0.330001571526181E+01
  0.242403419398622E-02 -0.330001597937808E+01
  0.244431888107755E-02 -0.330001624793318E+01
  0.246477331351795E-02 -0.330001652100173E+01
  0.248539891176232E-02 -0.330001679865956E+01
  0.250619710815217E-02 -0.330001708098383E+01
  0.252716934701505E-02 -0.330001736805294E+01
  0.254831708476487E-02 -0.330001765994664E+01
  0.256964179000302E-02 -0.330001795674602E+01
  0.259114494362038E-02 -0.330001825853353E+01
  0.261282803890015E-02 -0.330001856539299E+01
  0.263469258162155E-02 -0.330001887740966E+01
  0.265674009016439E-02 -0.330001919467019E+01
  0.267897209561451E-02 -0.330001951726274E+01
  0.270139014187012E-02 -0.330001984527689E+01
  0.272399578574899E-02 -0.330002017880379E+01
  0.274679059709658E-02 -0.330002051793606E+01
  0.276977615889507E-02 -0.330002086276793E+01
  0.279295406737326E-02 -0.330002121339517E+01
  0.281632593211745E-02 -0.330002156991520E+01
  0.283989337618318E-02 -0.330002193242704E+01
  0.286365803620801E-02 -0.330002230103141E+01
  0.288762156252507E-02 -0.330002267583068E+01
  0.291178561927779E-02 -0.330002305692898E+01
  0.293615188453536E-02 -0.330002344443217E+01
  0.296072205040934E-02 -0.330002383844790E+01
  0.298549782317111E-02 -0.330002423908562E+01
  0.301048092337040E-02 -0.330002464645661E+01
  0.303567308595478E-02 -0.330002506067405E+01
  0.306107606039010E-02 -0.330002548185299E+01
  0.308669161078202E-02 -0.330002591011044E+01
  0.311252151599849E-02 -0.330002634556536E+01
  0.313856756979332E-02 -0.330002678833871E+01
  0.316483158093071E-02 -0.330002723855350E+01
  0.319131537331087E-02 -0.330002769633478E+01
  0.321802078609670E-02 -0.330002816180972E+01
  0.324494967384149E-02 -0.330002863510763E+01
  0.327210390661770E-02 -0.330002911635999E+01
  0.329948537014686E-02 -0.330002960570047E+01
  0.332709596593049E-02 -0.330003010326501E+01
  0.335493761138218E-02 -0.330003060919184E+01
  0.338301223996072E-02 -0.330003112362148E+01
  0.341132180130437E-02 -0.330003164669685E+01
  0.343986826136626E-02 -0.330003217856325E+01
  0.346865360255094E-02 -0.330003271936843E+01
  0.349767982385200E-02 -0.330003326926260E+01
  0.352694894099091E-02 -0.330003382839854E+01
  0.355646298655701E-02 -0.330003439693156E+01
  0.358622401014867E-02 -0.330003497501960E+01
  0.361623407851560E-02 -0.330003556282323E+01
  0.364649527570237E-02 -0.330003616050575E+01
  0.367700970319319E-02 -0.330003676823319E+01
  0.370777948005777E-02 -0.330003738617436E+01
  0.373880674309854E-02 -0.330003801450093E+01
  0.377009364699902E-02 -0.330003865338744E+01
  0.380164236447344E-02 -0.330003930301136E+01
  0.383345508641763E-02 -0.330003996355315E+01
  0.386553402206118E-02 -0.330004063519631E+01
  0.389788139912086E-02 -0.330004131812741E+01
  0.393049946395527E-02 -0.330004201253616E+01
  0.396339048172094E-02 -0.330004271861547E+01
  0.399655673652953E-02 -0.330004343656147E+01
  0.403000053160651E-02 -0.330004416657360E+01
  0.406372418945108E-02 -0.330004490885466E+01
  0.409773005199749E-02 -0.330004566361084E+01
  0.413202048077764E-02 -0.330004643105181E+01
  0.416659785708507E-02 -0.330004721139075E+01
  0.420146458214038E-02 -0.330004800484444E+01
  0.423662307725793E-02 -0.330004881163330E+01
  0.427207578401401E-02 -0.330004963198144E+01
  0.430782516441639E-02 -0.330005046611674E+01
  0.434387370107529E-02 -0.330005131427093E+01
  0.438022389737582E-02 -0.330005217667961E+01
  0.441687827765176E-02 -0.330005305358235E+01
  0.445383938736091E-02 -0.330005394522275E+01
  0.449110979326187E-02 -0.330005485184851E+01
  0.452869208359224E-02 -0.330005577371147E+01
  0.456658886824840E-02 -0.330005671106772E+01
  0.460480277896674E-02 -0.330005766417766E+01
  0.464333646950641E-02 -0.330005863330604E+01
  0.468219261583363E-02 -0.330005961872210E+01
  0.472137391630751E-02 -0.330006062069956E+01
  0.476088309186744E-02 -0.330006163951677E+01
  0.480072288622205E-02 -0.330006267545675E+01
  0.484089606603973E-02 -0.330006372880729E+01
  0.488140542114078E-02 -0.330006479986098E+01
  0.492225376469114E-02 -0.330006588891538E+01
  0.496344393339776E-02 -0.330006699627300E+01
  0.500497878770556E-02 -0.330006812224147E+01
  0.504686121199612E-02 -0.330006926713357E+01
  0.508909411478797E-02 -0.330007043126735E+01
  0.513168042893853E-02 -0.330007161496621E+01
  0.517462311184787E-02 -0.330007281855895E+01
  0.521792514566399E-02 -0.330007404237995E+01
  0.526158953748997E-02 -0.330007528676916E+01
  0.530561931959279E-02 -0.330007655207228E+01
  0.535001754961392E-02 -0.330007783864080E+01
  0.539478731078160E-02 -0.330007914683212E+01
  0.543993171212502E-02 -0.330008047700965E+01
  0.548545388869020E-02 -0.330008182954292E+01
  0.553135700175770E-02 -0.330008320480765E+01
  0.557764423906213E-02 -0.330008460318589E+01
  0.562431881501359E-02 -0.330008602506610E+01
  0.567138397092084E-02 -0.330008747084327E+01
  0.571884297521638E-02 -0.330008894091904E+01
  0.576669912368348E-02 -0.330009043570180E+01
  0.581495573968501E-02 -0.330009195560678E+01
  0.586361617439426E-02 -0.330009350105622E+01
  0.591268380702764E-02 -0.330009507247943E+01
  0.596216204507936E-02 -0.330009667031297E+01
  0.601205432455804E-02 -0.330009829500069E+01
  0.606236411022539E-02 -0.330009994699395E+01
  0.611309489583672E-02 -0.330010162675166E+01
  0.616425020438365E-02 -0.330010333474046E+01
  0.621583358833871E-02 -0.330010507143483E+01
  0.626784862990209E-02 -0.330010683731722E+01
  0.632029894125035E-02 -0.330010863287819E+01
  0.637318816478730E-02 -0.330011045861655E+01
  0.642651997339694E-02 -0.330011231503950E+01
  0.648029807069853E-02 -0.330011420266275E+01
  0.653452619130376E-02 -0.330011612201067E+01
  0.658920810107614E-02 -0.330011807361648E+01
  0.664434759739248E-02 -0.330012005802233E+01
  0.669994850940665E-02 -0.330012207577950E+01
  0.675601469831542E-02 -0.330012412744852E+01
  0.681255005762667E-02 -0.330012621359935E+01
  0.686955851342975E-02 -0.330012833481152E+01
  0.692704402466809E-02 -0.330013049167433E+01
  0.698501058341420E-02 -0.330013268478696E+01
  0.704346221514684E-02 -0.330013491475865E+01
  0.710240297903059E-02 -0.330013718220892E+01
  0.716183696819774E-02 -0.330013948776765E+01
  0.722176831003254E-02 -0.330014183207536E+01
  0.728220116645781E-02 -0.330014421578331E+01
  0.734313973422398E-02 -0.330014663955369E+01
  0.740458824520052E-02 -0.330014910405985E+01
  0.746655096666983E-02 -0.330015160998645E+01
  0.752903220162358E-02 -0.330015415802965E+01
  0.759203628906154E-02 -0.330015674889731E+01
  0.765556760429287E-02 -0.330015938330920E+01
  0.771963055923999E-02 -0.330016206199718E+01
  0.778422960274497E-02 -0.330016478570541E+01
  0.784936922087845E-02 -0.330016755519057E+01
  0.791505393725121E-02 -0.330017037122203E+01
  0.798128831332828E-02 -0.330017323458212E+01
  0.804807694874573E-02 -0.330017614606632E+01
  0.811542448163008E-02 -0.330017910648345E+01
  0.818333558892041E-02 -0.330018211665597E+01
  0.825181498669311E-02 -0.330018517742013E+01
  0.832086743048945E-02 -0.330018828962625E+01
  0.839049771564578E-02 -0.330019145413893E+01
  0.846071067762654E-02 -0.330019467183732E+01
  0.853151119236009E-02 -0.330019794361534E+01
  0.860290417657729E-02 -0.330020127038193E+01
  0.867489458815297E-02 -0.330020465306133E+01
  0.874748742645020E-02 -0.330020809259328E+01
  0.882068773266746E-02 -0.330021158993334E+01
  0.889450059018878E-02 -0.330021514605313E+01
  0.896893112493671E-02 -0.330021876194060E+01
  0.904398450572829E-02 -0.330022243860030E+01
  0.911966594463402E-02 -0.330022617705367E+01
  0.919598069733978E-02 -0.330022997833932E+01
  0.927293406351187E-02 -0.330023384351333E+01
  0.935053138716496E-02 -0.330023777364950E+01
  0.942877805703326E-02 -0.330024176983972E+01
  0.950767950694476E-02 -0.330024583319420E+01
  0.958724121619849E-02 -0.330024996484183E+01
  0.966746870994515E-02 -0.330025416593047E+01
  0.974836755957070E-02 -0.330025843762728E+01
  0.982994338308333E-02 -0.330026278111903E+01
  0.991220184550356E-02 -0.330026719761244E+01
  0.999514865925767E-02 -0.330027168833453E+01
  0.100787895845744E-01 -0.330027625453293E+01
  0.101631304298849E-01 -0.330028089747624E+01
  0.102481770522264E-01 -0.330028561845441E+01
  0.103339353576483E-01 -0.330029041877903E+01
  0.104204113016230E-01 -0.330029529978379E+01
  0.105076108894592E-01 -0.330030026282475E+01
  0.105955401767188E-01 -0.330030530928079E+01
  0.106842052696377E-01 -0.330031044055398E+01
  0.107736123255496E-01 -0.330031565806994E+01
  0.108637675533138E-01 -0.330032096327825E+01
  0.109546772137463E-01 -0.330032635765288E+01
  0.110463476200544E-01 -0.330033184269257E+01
  0.111387851382754E-01 -0.330033741992123E+01
  0.112319961877185E-01 -0.330034309088842E+01
  0.113259872414108E-01 -0.330034885716973E+01
  0.114207648265465E-01 -0.330035472036726E+01
  0.115163355249405E-01 -0.330036068211001E+01
  0.116127059734853E-01 -0.330036674405438E+01
  0.117098828646117E-01 -0.330037290788462E+01
  0.118078729467542E-01 -0.330037917531328E+01
  0.119066830248188E-01 -0.330038554808172E+01
  0.120063199606563E-01 -0.330039202796056E+01
  0.121067906735384E-01 -0.330039861675018E+01
  0.122081021406383E-01 -0.330040531628124E+01
  0.123102613975152E-01 -0.330041212841518E+01
  0.124132755386030E-01 -0.330041905504470E+01
  0.125171517177030E-01 -0.330042609809436E+01
  0.126218971484805E-01 -0.330043325952105E+01
  0.127275191049657E-01 -0.330044054131457E+01
  0.128340249220593E-01 -0.330044794549816E+01
  0.129414219960412E-01 -0.330045547412909E+01
  0.130497177850849E-01 -0.330046312929920E+01
  0.131589198097747E-01 -0.330047091313550E+01
  0.132690356536285E-01 -0.330047882780078E+01
  0.133800729636241E-01 -0.330048687549417E+01
  0.134920394507305E-01 -0.330049505845177E+01
  0.136049428904431E-01 -0.330050337894729E+01
  0.137187911233239E-01 -0.330051183929265E+01
  0.138335920555461E-01 -0.330052044183866E+01
  0.139493536594426E-01 -0.330052918897562E+01
  0.140660839740603E-01 -0.330053808313406E+01
  0.141837911057180E-01 -0.330054712678534E+01
  0.143024832285693E-01 -0.330055632244239E+01
  0.144221685851704E-01 -0.330056567266037E+01
  0.145428554870526E-01 -0.330057518003741E+01
  0.146645523152991E-01 -0.330058484721535E+01
  0.147872675211276E-01 -0.330059467688040E+01
  0.149110096264766E-01 -0.330060467176396E+01
  0.150357872245977E-01 -0.330061483464336E+01
  0.151616089806519E-01 -0.330062516834263E+01
  0.152884836323118E-01 -0.330063567573325E+01
  0.154164199903681E-01 -0.330064635973501E+01
  0.155454269393414E-01 -0.330065722331680E+01
  0.156755134380996E-01 -0.330066826949740E+01
  0.158066885204795E-01 -0.330067950134637E+01
  0.159389612959145E-01 -0.330069092198489E+01
  0.160723409500673E-01 -0.330070253458659E+01
  0.162068367454675E-01 -0.330071434237849E+01
  0.163424580221548E-01 -0.330072634864188E+01
  0.164792141983280E-01 -0.330073855671319E+01
  0.166171147709987E-01 -0.330075096998498E+01
  0.167561693166511E-01 -0.330076359190685E+01
  0.168963874919066E-01 -0.330077642598641E+01
  0.170377790341949E-01 -0.330078947579024E+01
  0.171803537624298E-01 -0.330080274494491E+01
  0.173241215776916E-01 -0.330081623713797E+01
  0.174690924639141E-01 -0.330082995611897E+01
  0.176152764885781E-01 -0.330084390570052E+01
  0.177626838034108E-01 -0.330085808975935E+01
  0.179113246450905E-01 -0.330087251223738E+01
  0.180612093359576E-01 -0.330088717714281E+01
  0.182123482847314E-01 -0.330090208855127E+01
  0.183647519872331E-01 -0.330091725060690E+01
  0.185184310271143E-01 -0.330093266752355E+01
  0.186733960765923E-01 -0.330094834358593E+01
  0.188296578971912E-01 -0.330096428315082E+01
  0.189872273404890E-01 -0.330098049064826E+01
  0.191461153488716E-01 -0.330099697058280E+01
  0.193063329562923E-01 -0.330101372753474E+01
  0.194678912890382E-01 -0.330103076616143E+01
  0.196308015665029E-01 -0.330104809119853E+01
  0.197950751019656E-01 -0.330106570746135E+01
  0.199607233033767E-01 -0.330108361984621E+01
  0.201277576741501E-01 -0.330110183333177E+01
  0.202961898139620E-01 -0.330112035298041E+01
  0.204660314195565E-01 -0.330113918393968E+01
  0.206372942855577E-01 -0.330115833144372E+01
  0.208099903052891E-01 -0.330117780081467E+01
  0.209841314715993E-01 -0.330119759746422E+01
  0.211597298776947E-01 -0.330121772689508E+01
  0.213367977179797E-01 -0.330123819470252E+01
  0.215153472889033E-01 -0.330125900657593E+01
  0.216953909898129E-01 -0.330128016830040E+01
  0.218769413238157E-01 -0.330130168575832E+01
  0.220600108986468E-01 -0.330132356493107E+01
  0.222446124275446E-01 -0.330134581190060E+01
  0.224307587301340E-01 -0.330136843285121E+01
  0.226184627333163E-01 -0.330139143407121E+01
  0.228077374721671E-01 -0.330141482195472E+01
  0.229985960908417E-01 -0.330143860300341E+01
  0.231910518434875E-01 -0.330146278382833E+01
  0.233851180951646E-01 -0.330148737115176E+01
  0.235808083227740E-01 -0.330151237180907E+01
  0.237781361159936E-01 -0.330153779275064E+01
  0.239771151782217E-01 -0.330156364104375E+01
  0.241777593275285E-01 -0.330158992387464E+01
  0.243800824976163E-01 -0.330161664855041E+01
  0.245840987387865E-01 -0.330164382250114E+01
  0.247898222189155E-01 -0.330167145328189E+01
  0.249972672244390E-01 -0.330169954857487E+01
  0.252064481613433E-01 -0.330172811619154E+01
  0.254173795561665E-01 -0.330175716407480E+01
  0.256300760570070E-01 -0.330178670030122E+01
  0.258445524345405E-01 -0.330181673308324E+01
  0.260608235830461E-01 -0.330184727077154E+01
  0.262789045214404E-01 -0.330187832185730E+01
  0.264988103943208E-01 -0.330190989497458E+01
  0.267205564730168E-01 -0.330194199890276E+01
  0.269441581566506E-01 -0.330197464256898E+01
  0.271696309732070E-01 -0.330200783505057E+01
  0.273969905806110E-01 -0.330204158557768E+01
  0.276262527678155E-01 -0.330207590353577E+01
  0.278574334558980E-01 -0.330211079846828E+01
  0.280905486991658E-01 -0.330214628007927E+01
  0.283256146862711E-01 -0.330218235823612E+01
  0.285626477413353E-01 -0.330221904297232E+01
  0.288016643250825E-01 -0.330225634449021E+01
  0.290426810359826E-01 -0.330229427316389E+01
  0.292857146114040E-01 -0.330233283954207E+01
  0.295307819287761E-01 -0.330237205435104E+01
  0.297779000067610E-01 -0.330241192849764E+01
  0.300270860064358E-01 -0.330245247307233E+01
  0.302783572324837E-01 -0.330249369935227E+01
  0.305317311343966E-01 -0.330253561880447E+01
  0.307872253076861E-01 -0.330257824308899E+01
  0.310448574951058E-01 -0.330262158406220E+01
  0.313046455878833E-01 -0.330266565378011E+01
  0.315666076269629E-01 -0.330271046450167E+01
  0.318307618042581E-01 -0.330275602869229E+01
  0.320971264639151E-01 -0.330280235902725E+01
  0.323657201035868E-01 -0.330284946839524E+01
  0.326365613757173E-01 -0.330289736990202E+01
  0.329096690888370E-01 -0.330294607687402E+01
  0.331850622088691E-01 -0.330299560286209E+01
  0.334627598604465E-01 -0.330304596164529E+01
  0.337427813282399E-01 -0.330309716723473E+01
  0.340251460582972E-01 -0.330314923387749E+01
  0.343098736593937E-01 -0.330320217606059E+01
  0.345969839043938E-01 -0.330325600851507E+01
  0.348864967316243E-01 -0.330331074622007E+01
  0.351784322462592E-01 -0.330336640440705E+01
  0.354728107217152E-01 -0.330342299856404E+01
  0.357696526010605E-01 -0.330348054443993E+01
  0.360689784984337E-01 -0.330353905804897E+01
  0.363708092004757E-01 -0.330359855567513E+01
  0.366751656677733E-01 -0.330365905387674E+01
  0.369820690363146E-01 -0.330372056949111E+01
  0.372915406189568E-01 -0.330378311963921E+01
  0.376036019069064E-01 -0.330384672173047E+01
  0.379182745712116E-01 -0.330391139346767E+01
  0.382355804642673E-01 -0.330397715285189E+01
  0.385555416213324E-01 -0.330404401818754E+01
  0.388781802620602E-01 -0.330411200808746E+01
  0.392035187920417E-01 -0.330418114147818E+01
  0.395315798043610E-01 -0.330425143760520E+01
  0.398623860811648E-01 -0.330432291603837E+01
  0.401959605952440E-01 -0.330439559667735E+01
  0.405323265116295E-01 -0.330446949975725E+01
  0.408715071892008E-01 -0.330454464585423E+01
  0.412135261823078E-01 -0.330462105589130E+01
  0.415584072424069E-01 -0.330469875114417E+01
  0.419061743197104E-01 -0.330477775324722E+01
  0.422568515648496E-01 -0.330485808419956E+01
  0.426104633305518E-01 -0.330493976637120E+01
  0.429670341733316E-01 -0.330502282250931E+01
  0.433265888551967E-01 -0.330510727574460E+01
  0.436891523453664E-01 -0.330519314959781E+01
  0.440547498220068E-01 -0.330528046798633E+01
  0.444234066739784E-01 -0.330536925523086E+01
  0.447951485025995E-01 -0.330545953606226E+01
  0.451700011234245E-01 -0.330555133562849E+01
  0.455479905680358E-01 -0.330564467950167E+01
  0.459291430858525E-01 -0.330573959368524E+01
  0.463134851459525E-01 -0.330583610462126E+01
  0.467010434389112E-01 -0.330593423919785E+01
  0.470918448786546E-01 -0.330603402475674E+01
  0.474859166043287E-01 -0.330613548910090E+01
  0.478832859821838E-01 -0.330623866050242E+01
  0.482839806074755E-01 -0.330634356771041E+01
  0.486880283063802E-01 -0.330645023995906E+01
  0.490954571379285E-01 -0.330655870697588E+01
  0.495062953959529E-01 -0.330666899899009E+01
  0.499205716110531E-01 -0.330678114674101E+01
  0.503383145525771E-01 -0.330689518148682E+01
  0.507595532306194E-01 -0.330701113501326E+01
  0.511843168980353E-01 -0.330712903964261E+01
  0.516126350524722E-01 -0.330724892824278E+01
  0.520445374384187E-01 -0.330737083423653E+01
  0.524800540492696E-01 -0.330749479161091E+01
  0.529192151294089E-01 -0.330762083492677E+01
  0.533620511763105E-01 -0.330774899932853E+01
  0.538085929426554E-01 -0.330787932055406E+01
  0.542588714384681E-01 -0.330801183494475E+01
  0.547129179332695E-01 -0.330814657945570E+01
  0.551707639582487E-01 -0.330828359166617E+01
  0.556324413084524E-01 -0.330842290979016E+01
  0.560979820449934E-01 -0.330856457268713E+01
  0.565674184972765E-01 -0.330870861987303E+01
  0.570407832652441E-01 -0.330885509153134E+01
  0.575181092216397E-01 -0.330900402852446E+01
  0.579994295142909E-01 -0.330915547240522E+01
  0.584847775684116E-01 -0.330930946542856E+01
  0.589741870889227E-01 -0.330946605056349E+01
  0.594676920627933E-01 -0.330962527150517E+01
  0.599653267614003E-01 -0.330978717268726E+01
  0.604671257429090E-01 -0.330995179929444E+01
  0.609731238546725E-01 -0.331011919727517E+01
  0.614833562356520E-01 -0.331028941335467E+01
  0.619978583188566E-01 -0.331046249504805E+01
  0.625166658338045E-01 -0.331063849067382E+01
  0.630398148090039E-01 -0.331081744936742E+01
  0.635673415744549E-01 -0.331099942109521E+01
  0.640992827641727E-01 -0.331118445666849E+01
  0.646356753187315E-01 -0.331137260775791E+01
  0.651765564878298E-01 -0.331156392690804E+01
  0.657219638328772E-01 -0.331175846755225E+01
  0.662719352296030E-01 -0.331195628402778E+01
  0.668265088706864E-01 -0.331215743159109E+01
  0.673857232684087E-01 -0.331236196643356E+01
  0.679496172573276E-01 -0.331256994569727E+01
  0.685182299969747E-01 -0.331278142749126E+01
  0.690916009745742E-01 -0.331299647090789E+01
  0.696697700077857E-01 -0.331321513603961E+01
  0.702527772474686E-01 -0.331343748399595E+01
  0.708406631804713E-01 -0.331366357692080E+01
  0.714334686324420E-01 -0.331389347800999E+01
  0.720312347706642E-01 -0.331412725152924E+01
  0.726340031069154E-01 -0.331436496283227E+01
  0.732418155003503E-01 -0.331460667837937E+01
  0.738547141604070E-01 -0.331485246575619E+01
  0.744727416497387E-01 -0.331510239369291E+01
  0.750959408871696E-01 -0.331535653208366E+01
  0.757243551506749E-01 -0.331561495200638E+01
  0.763580280803865E-01 -0.331587772574290E+01
  0.769970036816237E-01 -0.331614492679949E+01
  0.776413263279489E-01 -0.331641662992761E+01
  0.782910407642493E-01 -0.331669291114519E+01
  0.789461921098439E-01 -0.331697384775808E+01
  0.796068258616175E-01 -0.331725951838203E+01
  0.802729878971792E-01 -0.331755000296499E+01
  0.809447244780493E-01 -0.331784538280969E+01
  0.816220822528715E-01 -0.331814574059679E+01
  0.823051082606523E-01 -0.331845116040827E+01
  0.829938499340279E-01 -0.331876172775129E+01
  0.836883551025578E-01 -0.331907752958242E+01
  0.843886719960469E-01 -0.331939865433232E+01
  0.850948492478941E-01 -0.331972519193084E+01
  0.858069358984703E-01 -0.332005723383245E+01
  0.865249813985233E-01 -0.332039487304224E+01
  0.872490356126127E-01 -0.332073820414230E+01
  0.879791488225720E-01 -0.332108732331849E+01
  0.887153717310009E-01 -0.332144232838776E+01
  0.894577554647862E-01 -0.332180331882586E+01
  0.902063515786521E-01 -0.332217039579556E+01
  0.909612120587407E-01 -0.332254366217535E+01
  0.917223893262221E-01 -0.332292322258857E+01
  0.924899362409347E-01 -0.332330918343306E+01
  0.932639061050559E-01 -0.332370165291138E+01
  0.940443526668040E-01 -0.332410074106139E+01
  0.948313301241707E-01 -0.332450655978750E+01
  0.956248931286844E-01 -0.332491922289230E+01
  0.964250967892061E-01 -0.332533884610886E+01
  0.972319966757560E-01 -0.332576554713346E+01
  0.980456488233727E-01 -0.332619944565892E+01
  0.988661097360046E-01 -0.332664066340848E+01
  0.996934363904336E-01 -0.332708932417022E+01
  0.100527686240232E+00 -0.332754555383210E+01
  0.101368917219753E+00 -0.332800948041754E+01
  0.102217187748152E+00 -0.332848123412159E+01
  0.103072556733446E+00 -0.332896094734774E+01
  0.103935083576602E+00 -0.332944875474529E+01
  0.104804828175665E+00 -0.332994479324738E+01
  0.105681850929914E+00 -0.333044920210959E+01
  0.106566212744060E+00 -0.333096212294925E+01
  0.107457975032474E+00 -0.333148369978530E+01
  0.108357199723449E+00 -0.333201407907891E+01
  0.109263949263508E+00 -0.333255340977464E+01
  0.110178286621732E+00 -0.333310184334239E+01
  0.111100275294138E+00 -0.333365953381996E+01
  0.112029979308089E+00 -0.333422663785629E+01
  0.112967463226736E+00 -0.333480331475544E+01
  0.113912792153506E+00 -0.333538972652126E+01
  0.114866031736622E+00 -0.333598603790276E+01
  0.115827248173660E+00 -0.333659241644022E+01
  0.116796508216147E+00 -0.333720903251204E+01
  0.117773879174198E+00 -0.333783605938231E+01
  0.118759428921189E+00 -0.333847367324914E+01
  0.119753225898471E+00 -0.333912205329379E+01
  0.120755339120122E+00 -0.333978138173047E+01
  0.121765838177741E+00 -0.334045184385703E+01
  0.122784793245280E+00 -0.334113362810638E+01
  0.123812275083916E+00 -0.334182692609867E+01
  0.124848355046969E+00 -0.334253193269434E+01
  0.125893105084851E+00 -0.334324884604795E+01
  0.126946597750069E+00 -0.334397786766280E+01
  0.128008906202259E+00 -0.334471920244643E+01
  0.129080104213269E+00 -0.334547305876689E+01
  0.130160266172279E+00 -0.334623964850990E+01
  0.131249467090970E+00 -0.334701918713682E+01
  0.132347782608734E+00 -0.334781189374348E+01
  0.133455288997922E+00 -0.334861799111989E+01
  0.134572063169145E+00 -0.334943770581077E+01
  0.135698182676615E+00 -0.335027126817697E+01
  0.136833725723526E+00 -0.335111891245777E+01
  0.137978771167493E+00 -0.335198087683403E+01
  0.139133398526019E+00 -0.335285740349226E+01
  0.140297687982024E+00 -0.335374873868948E+01
  0.141471720389411E+00 -0.335465513281912E+01
  0.142655577278679E+00 -0.335557684047760E+01
  0.143849340862588E+00 -0.335651412053200E+01
  0.145053094041867E+00 -0.335746723618847E+01
  0.146266920410970E+00 -0.335843645506157E+01
  0.147490904263884E+00 -0.335942204924450E+01
  0.148725130599978E+00 -0.336042429538024E+01
  0.149969685129911E+00 -0.336144347473345E+01
  0.151224654281581E+00 -0.336247987326338E+01
  0.152490125206128E+00 -0.336353378169754E+01
  0.153766185783985E+00 -0.336460549560628E+01
  0.155052924630984E+00 -0.336569531547818E+01
  0.156350431104506E+00 -0.336680354679630E+01
  0.157658795309689E+00 -0.336793050011524E+01
  0.158978108105683E+00 -0.336907649113900E+01
  0.160308461111963E+00 -0.337024184079967E+01
  0.161649946714690E+00 -0.337142687533681E+01
  0.163002658073124E+00 -0.337263192637770E+01
  0.164366689126098E+00 -0.337385733101822E+01
  0.165742134598540E+00 -0.337510343190453E+01
  0.167129090008047E+00 -0.337637057731530E+01
  0.168527651671527E+00 -0.337765912124476E+01
  0.169937916711878E+00 -0.337896942348625E+01
  0.171359983064739E+00 -0.338030184971637E+01
  0.172793949485291E+00 -0.338165677157974E+01
  0.174239915555109E+00 -0.338303456677418E+01
  0.175697981689087E+00 -0.338443561913645E+01
  0.177168249142403E+00 -0.338586031872828E+01
  0.178650820017553E+00 -0.338730906192291E+01
  0.180145797271445E+00 -0.338878225149179E+01
  0.181653284722545E+00 -0.339028029669162E+01
  0.183173387058086E+00 -0.339180361335151E+01
  0.184706209841341E+00 -0.339335262396034E+01
  0.186251859518954E+00 -0.339492775775400E+01
  0.187810443428329E+00 -0.339652945080275E+01
  0.189382069805085E+00 -0.339815814609832E+01
  0.190966847790576E+00 -0.339981429364086E+01
  0.192564887439464E+00 -0.340149835052553E+01
  0.194176299727367E+00 -0.340321078102866E+01
  0.195801196558565E+00 -0.340495205669336E+01
  0.197439690773767E+00 -0.340672265641452E+01
  0.199091896157953E+00 -0.340852306652296E+01
  0.200757927448272E+00 -0.341035378086864E+01
  0.202437900342011E+00 -0.341221530090289E+01
  0.204131931504629E+00 -0.341410813575928E+01
  0.205840138577860E+00 -0.341603280233322E+01
  0.207562640187881E+00 -0.341798982535990E+01
  0.209299555953553E+00 -0.341997973749054E+01
  0.211051006494723E+00 -0.342200307936666E+01
  0.212817113440606E+00 -0.342406039969217E+01
  0.214597999438226E+00 -0.342615225530314E+01
  0.216393788160939E+00 -0.342827921123490E+01
  0.218204604317016E+00 -0.343044184078626E+01
  0.220030573658306E+00 -0.343264072558067E+01
  0.221871822988971E+00 -0.343487645562390E+01
  0.223728480174287E+00 -0.343714962935802E+01
  0.225600674149526E+00 -0.343946085371142E+01
  0.227488534928912E+00 -0.344181074414437E+01
  0.229392193614646E+00 -0.344419992468995E+01
  0.231311782406013E+00 -0.344662902798991E+01
  0.233247434608563E+00 -0.344909869532497E+01
  0.235199284643364E+00 -0.345160957663936E+01
  0.237167468056342E+00 -0.345416233055890E+01
  0.239152121527692E+00 -0.345675762440240E+01
  0.241153382881370E+00 -0.345939613418572E+01
  0.243171391094662E+00 -0.346207854461806E+01
  0.245206286307839E+00 -0.346480554908990E+01
  0.247258209833886E+00 -0.346757784965202E+01
  0.249327304168316E+00 -0.347039615698502E+01
  0.251413712999069E+00 -0.347326119035865E+01
  0.253517581216485E+00 -0.347617367758034E+01
  0.255639054923368E+00 -0.347913435493212E+01
  0.257778281445135E+00 -0.348214396709535E+01
  0.259935409340042E+00 -0.348520326706223E+01
  0.262110588409505E+00 -0.348831301603355E+01
  0.264303969708499E+00 -0.349147398330150E+01
  0.266515705556052E+00 -0.349468694611690E+01
  0.268745949545820E+00 -0.349795268953965E+01
  0.270994856556754E+00 -0.350127200627156E+01
  0.273262582763857E+00 -0.350464569647037E+01
  0.275549285649025E+00 -0.350807456754389E+01
  0.277855124011989E+00 -0.351155943392306E+01
  0.280180257981340E+00 -0.351510111681268E+01
  0.282524849025650E+00 -0.351870044391848E+01
  0.284889059964683E+00 -0.352235824914926E+01
  0.287273054980704E+00 -0.352607537229252E+01
  0.289676999629880E+00 -0.352985265866209E+01
  0.292101060853780E+00 -0.353369095871631E+01
  0.294545406990961E+00 -0.353759112764488E+01
  0.297010207788666E+00 -0.354155402492281E+01
  0.299495634414607E+00 -0.354558051382951E+01
  0.302001859468854E+00 -0.354967146093117E+01
  0.304529056995822E+00 -0.355382773552440E+01
  0.307077402496353E+00 -0.355805020903897E+01
  0.309647072939910E+00 -0.356233975439751E+01
  0.312238246776862E+00 -0.356669724532978E+01
  0.314851103950877E+00 -0.357112355563920E+01
  0.317485825911420E+00 -0.357561955841889E+01
  0.320142595626354E+00 -0.358018612521487E+01
  0.322821597594643E+00 -0.358482412513332E+01
  0.325523017859166E+00 -0.358953442388929E+01
  0.328247044019639E+00 -0.359431788279363E+01
  0.330993865245640E+00 -0.359917535767508E+01
  0.333763672289746E+00 -0.360410769773416E+01
  0.336556657500784E+00 -0.360911574432552E+01
  0.339373014837180E+00 -0.361420032966503E+01
  0.342212939880437E+00 -0.361936227545797E+01
  0.345076629848715E+00 -0.362460239144435E+01
  0.347964283610522E+00 -0.362992147385742E+01
  0.350876101698530E+00 -0.363532030379099E+01
  0.353812286323499E+00 -0.364079964547132E+01
  0.356773041388319E+00 -0.364636024442895E+01
  0.359758572502170E+00 -0.365200282556573E+01
  0.362769086994802E+00 -0.365772809111217E+01
  0.365804793930931E+00 -0.366353671847008E+01
  0.368865904124759E+00 -0.366942935793503E+01
  0.371952630154612E+00 -0.367540663029338E+01
  0.375065186377706E+00 -0.368146912428816E+01
  0.378203788945030E+00 -0.368761739394795E+01
  0.381368655816355E+00 -0.369385195577265E+01
  0.384560006775375E+00 -0.370017328577021E+01
  0.387778063444969E+00 -0.370658181633759E+01
  0.391023049302585E+00 -0.371307793297957E+01
  0.394295189695769E+00 -0.371966197085868E+01
  0.397594711857808E+00 -0.372633421116915E+01
  0.400921844923510E+00 -0.373309487732792E+01
  0.404276819945120E+00 -0.373994413097545E+01
  0.407659869908364E+00 -0.374688206777885E+01
  0.411071229748625E+00 -0.375390871302978E+01
  0.414511136367264E+00 -0.376102401702955E+01
  0.417979828648067E+00 -0.376822785025350E+01
  0.421477547473837E+00 -0.377551999828688E+01
  0.425004535743119E+00 -0.378290015652423E+01
  0.428561038387073E+00 -0.379036792462431E+01
  0.432147302386477E+00 -0.379792280071249E+01
  0.435763576788885E+00 -0.380556417532273E+01
  0.439410112725916E+00 -0.381329132507100E+01
  0.443087163430698E+00 -0.382110340605252E+01
  0.446794984255452E+00 -0.382899944695478E+01
  0.450533832689226E+00 -0.383697834187915E+01
  0.454303968375773E+00 -0.384503884286331E+01
  0.458105653131589E+00 -0.385317955209788E+01
  0.461939150964086E+00 -0.386139891383026E+01
  0.465804728089933E+00 -0.386969520594960E+01
  0.469702652953538E+00 -0.387806653124706E+01
  0.473633196245694E+00 -0.388651080834629E+01
  0.477596630922378E+00 -0.389502576229953E+01
  0.481593232223700E+00 -0.390360891484588E+01
  0.485623277693025E+00 -0.391225757432872E+01
  0.489687047196239E+00 -0.392096882527072E+01
  0.493784822941193E+00 -0.392973951760586E+01
  0.497916889497292E+00 -0.393856625556898E+01
  0.502083533815264E+00 -0.394744538624531E+01
  0.506285045247083E+00 -0.395637298778355E+01
  0.510521715566065E+00 -0.396534485727816E+01
  0.514793838987128E+00 -0.397435649832845E+01
  0.519101712187229E+00 -0.398340310828410E+01
  0.523445634325958E+00 -0.399247956518941E+01
  0.527825907066321E+00 -0.400158041444086E+01
  0.532242834595686E+00 -0.401069985517571E+01
  0.536696723646905E+00 -0.401983172641230E+01
  0.541187883519621E+00 -0.402896949296624E+01
  0.545716626101739E+00 -0.403810623117015E+01
  0.550283265891093E+00 -0.404723461442872E+01
  0.554888120017281E+00 -0.405634689864502E+01
  0.559531508263689E+00 -0.406543490755863E+01
  0.564213753089702E+00 -0.407449001804093E+01
  0.568935179653092E+00 -0.408350314539817E+01
  0.573696115832600E+00 -0.409246472873858E+01
  0.578496892250709E+00 -0.410136471646545E+01
  0.583337842296598E+00 -0.411019255196456E+01
  0.588219302149299E+00 -0.411893715956089E+01
  0.593141610801043E+00 -0.412758693082618E+01
  0.598105110080796E+00 -0.413612971132671E+01
  0.603110144678004E+00 -0.414455278790762E+01
  0.608157062166525E+00 -0.415284287661832E+01
  0.613246213028768E+00 -0.416098611139165E+01
  0.618377950680034E+00 -0.416896803359769E+01
  0.623552631493053E+00 -0.417677358260183E+01
  0.628770614822741E+00 -0.418438708746540E+01
  0.634032263031148E+00 -0.419179225993603E+01
  0.639337941512625E+00 -0.419897218888390E+01
  0.644688018719198E+00 -0.420590933634878E+01
  0.650082866186158E+00 -0.421258553537175E+01
  0.655522858557857E+00 -0.421898198979381E+01
  0.661008373613730E+00 -0.422507927621204E+01
  0.666539792294527E+00 -0.423085734829185E+01
  0.672117498728768E+00 -0.423629554364093E+01
  0.677741880259419E+00 -0.424137259345723E+01
  0.683413327470791E+00 -0.424606663516901E+01
  0.689132234215664E+00 -0.425035522828950E+01
  0.694898997642639E+00 -0.425421537371234E+01
  0.700714018223715E+00 -0.425762353667571E+01
  0.706577699782103E+00 -0.426055567362354E+01
  0.712490449520267E+00 -0.426298726319056E+01
  0.718452678048205E+00 -0.426489334153426E+01
  0.724464799411960E+00 -0.426624854223076E+01
  0.730527231122377E+00 -0.426702714094293E+01
  0.736640394184094E+00 -0.426720310505747E+01
  0.742804713124780E+00 -0.426675014847288E+01
  0.749020616024617E+00 -0.426564179170232E+01
  0.755288534546027E+00 -0.426385142743324E+01
  0.761608903963648E+00 -0.426135239166035E+01
  0.767982163194563E+00 -0.425811804047824E+01
  0.774408754828779E+00 -0.425412183258630E+01
  0.780889125159966E+00 -0.424933741751963E+01
  0.787423724216445E+00 -0.424373872957673E+01
  0.794013005792443E+00 -0.423730008736661E+01
  0.800657427479606E+00 -0.422999629884561E+01
  0.807357450698779E+00 -0.422180277165695E+01
  0.814113540732042E+00 -0.421269562852413E+01
  0.820926166755032E+00 -0.420265182738347E+01
  0.827795801869514E+00 -0.419164928587049E+01
  0.834722923136244E+00 -0.417966700970156E+01
  0.841708011608093E+00 -0.416668522441461E+01
  0.848751552363457E+00 -0.415268550985370E+01
  0.855854034539941E+00 -0.413765093670026E+01
  0.863015951368329E+00 -0.412156620427181E+01
  0.870237800206834E+00 -0.410441777872612E+01
  0.877520082575639E+00 -0.408619403072757E+01
  0.884863304191723E+00 -0.406688537155280E+01
  0.892267975003984E+00 -0.404648438653752E+01
  0.899734609228648E+00 -0.402498596469488E+01
  0.907263725384981E+00 -0.400238742327188E+01
  0.914855846331298E+00 -0.397868862595328E+01
  0.922511499301271E+00 -0.395389209337569E+01
  0.930231215940544E+00 -0.392800310457814E+01
  0.938015532343653E+00 -0.390102978799228E+01
  0.945864989091254E+00 -0.387298320056568E+01
  0.953780131287665E+00 -0.384387739361808E+01
  0.961761508598719E+00 -0.381372946405303E+01
  0.969809675289937E+00 -0.378255958958847E+01
  0.977925190265018E+00 -0.375039104672877E+01
  0.986108617104652E+00 -0.371725021028020E+01
  0.994360524105659E+00 -0.368316653330977E+01
  0.100268148432045E+01 -0.364817250656625E+01
  0.101107207559683E+01 -0.361230359651947E+01
  0.101953288061813E+01 -0.357559816133083E+01
  0.102806448694364E+01 -0.353809734424201E+01
  0.103666748704945E+01 -0.349984494405952E+01
  0.104534247836959E+01 -0.346088726261785E+01
  0.105409006333750E+01 -0.342127292932186E+01
  0.106291084942787E+01 -0.338105270309704E+01
  0.107180544919883E+01 -0.334027925231248E+01
  0.108077448033449E+01 -0.329900691348284E+01
  0.108981856568786E+01 -0.325729142980026E+01
  0.109893833332403E+01 -0.321518967079230E+01
  0.110813441656389E+01 -0.317275933464675E+01
  0.111740745402800E+01 -0.313005863498539E+01
  0.112675808968105E+01 -0.308714597410795E+01
  0.113618697287647E+01 -0.304407960496307E+01
  0.114569475840162E+01 -0.300091728433740E+01
  0.115528210652320E+01 -0.295771591998945E+01
  0.116494968303312E+01 -0.291453121469562E+01
  0.117469815929476E+01 -0.287141731042814E+01
  0.118452821228955E+01 -0.282842643615624E+01
  0.119444052466400E+01 -0.278560856306278E+01
  0.120443578477713E+01 -0.274301107131119E+01
  0.121451468674825E+01 -0.270067843289570E+01
  0.122467793050513E+01 -0.265865191557943E+01
  0.123492622183270E+01 -0.261696931348670E+01
  0.124526027242197E+01 -0.257566471059080E+01
  0.125568079991948E+01 -0.253476828414618E+01
  0.126618852797717E+01 -0.249430615607912E+01
  0.127678418630261E+01 -0.245430030149562E+01
  0.128746851070965E+01 -0.241476852481143E+01
  0.129824224316957E+01 -0.237572451557859E+01
  0.130910613186255E+01 -0.233717799789108E+01
  0.132006093122967E+01 -0.229913498931500E+01
  0.133110740202531E+01 -0.226159818761286E+01
  0.134224631136992E+01 -0.222456750612355E+01
  0.135347843280334E+01 -0.218804078151895E+01
  0.136480454633854E+01 -0.215201467003110E+01
  0.137622543851572E+01 -0.211648547900567E+01
  0.138774190245698E+01 -0.208144943074997E+01
  0.139935473792139E+01 -0.204690267420190E+01
  0.141106475136053E+01 -0.201284128711011E+01
  0.142287275597447E+01 -0.197926127822420E+01
  0.143477957176830E+01 -0.194615858971413E+01
  0.144678602560899E+01 -0.191352909962627E+01
  0.145889295128289E+01 -0.188136862453621E+01
  0.147110118955360E+01 -0.184967292220339E+01
  0.148341158822034E+01 -0.181843769440146E+01
  0.149582500217686E+01 -0.178765858972157E+01
  0.150834229347078E+01 -0.175733120653409E+01
  0.152096433136347E+01 -0.172745109590605E+01
  0.153369199239042E+01 -0.169801376466129E+01
  0.154652616042209E+01 -0.166901467838382E+01
  0.155946772672530E+01 -0.164044926455619E+01
  0.157251759002514E+01 -0.161231291562888E+01
  0.158567665656736E+01 -0.158460099222112E+01
  0.159894584018131E+01 -0.155730882624539E+01
  0.161232606234341E+01 -0.153043172416023E+01
  0.162581825224113E+01 -0.150396497014280E+01
  0.163942334683753E+01 -0.147790382938794E+01
  0.165314229093631E+01 -0.145224355132431E+01
  0.166697603724743E+01 -0.142697937295700E+01
  0.168092554645329E+01 -0.140210652212503E+01
  0.169499178727539E+01 -0.137762022088468E+01
  0.170917573654169E+01 -0.135351568880798E+01
  0.172347837925434E+01 -0.132978814640312E+01
  0.173790070865819E+01 -0.130643281845259E+01
  0.175244372630967E+01 -0.128344493746756E+01
  0.176710844214641E+01 -0.126081974705969E+01
  0.178189587455736E+01 -0.123855250542417E+01
  0.179680705045348E+01 -0.121663848873869E+01
  0.181184300533909E+01 -0.119507299466292E+01
  0.182700478338376E+01 -0.117385134575393E+01
  0.184229343749485E+01 -0.115296889296650E+01
  0.185771002939059E+01 -0.113242101906639E+01
  0.187325562967383E+01 -0.111220314211057E+01
  0.188893131790640E+01 -0.109231071883234E+01
  0.190473818268405E+01 -0.107273924807236E+01
  0.192067732171209E+01 -0.105348427410382E+01
  0.193674984188157E+01 -0.103454139000888E+01
  0.195295685934618E+01 -0.101590624034095E+01
  0.196929949959977E+01 -0.997574530058936E+00
  0.198577889755447E+01 -0.979542005627164E+00
  0.200239619761954E+01 -0.961804499111711E+00
  0.201915255378083E+01 -0.944357889387861E+00
  0.203604912968093E+01 -0.927198127946837E+00
  0.205308709869994E+01 -0.910321235196879E+00
  0.207026764403700E+01 -0.893723302923455E+00
  0.208759195879246E+01 -0.877400497897823E+00
  0.210506124605067E+01 -0.861349061959660E+00
  0.212267671896362E+01 -0.845565315930529E+00
  0.214043960083512E+01 -0.830045658441744E+00
  0.215835112520575E+01 -0.814786573994230E+00
  0.217641253593859E+01 -0.799784614281335E+00
  0.219462508730552E+01 -0.785036433097935E+00
  0.221299004407437E+01 -0.770538752887904E+00
  0.223150868159675E+01 -0.756288382702588E+00
  0.225018228589659E+01 -0.742282213122451E+00
  0.226901215375948E+01 -0.728517215811461E+00
  0.228799959282268E+01 -0.714990442359650E+00
  0.230714592166600E+01 -0.701699022555199E+00
  0.232645246990329E+01 -0.688640162508187E+00
  0.234592057827483E+01 -0.675811142042962E+00
  0.236555159874042E+01 -0.663209312094635E+00
  0.238534689457325E+01 -0.650832091208312E+00
  0.240530784045460E+01 -0.638676962258442E+00
  0.242543582256929E+01 -0.626741468078459E+00
  0.244573223870194E+01 -0.615023207574189E+00
  0.246619849833406E+01 -0.603519830560970E+00
  0.248683602274190E+01 -0.592229033340509E+00
  0.250764624509516E+01 -0.581148552915967E+00
  0.252863061055655E+01 -0.570276162082066E+00
  0.254979057638210E+01 -0.559609663239697E+00
  0.257112761202238E+01 -0.549146882967424E+00
  0.259264319922455E+01 -0.538885665909217E+00
  0.261433883213527E+01 -0.528823868831312E+00
  0.263621601740441E+01 -0.518959354609540E+00
  0.265827627428976E+01 -0.509289986251855E+00
  0.268052113476247E+01 -0.499813621013505E+00
  0.270295214361344E+01 -0.490528104595561E+00
  0.272557085856064E+01 -0.481431265611802E+00
  0.274837885035726E+01 -0.472520910169206E+00
  0.277137770290077E+01 -0.463794816811233E+00
  0.279456901334297E+01 -0.455250731650681E+00
  0.281795439220084E+01 -0.446886363969841E+00
  0.284153546346842E+01 -0.438699382212804E+00
  0.286531386472958E+01 -0.430687410242997E+00
  0.288929124727175E+01 -0.422848024166503E+00
  0.291346927620056E+01 -0.415178749578735E+00
  0.293784963055553E+01 -0.407677059294100E+00
  0.296243400342661E+01 -0.400340371571095E+00
  0.298722410207180E+01 -0.393166048838471E+00
  0.301222164803569E+01 -0.386151396930116E+00
  0.303742837726902E+01 -0.379293664825270E+00
  0.306284604024923E+01 -0.372590044892487E+00
  0.308847640210201E+01 -0.366037673625907E+00
  0.311432124272391E+01 -0.359633632864249E+00
  0.314038235690591E+01 -0.353374951473735E+00
  0.316666155445808E+01 -0.347258607478741E+00
  0.319316066033525E+01 -0.341281530615553E+00
  0.321988151476377E+01 -0.335440605287355E+00
  0.324682597336926E+01 -0.329732673891942E+00
  0.327399590730551E+01 -0.324154540495836E+00
  0.330139320338440E+01 -0.318702974824040E+00
  0.332901976420695E+01 -0.313374716536259E+00
  0.335687750829543E+01 -0.308166479757395E+00
  0.338496837022660E+01 -0.303074957832584E+00
  0.341329430076605E+01 -0.298096828273610E+00
  0.344185726700368E+01 -0.293228757867864E+00
  0.347065925249027E+01 -0.288467407916986E+00
  0.349970225737529E+01 -0.283809439577602E+00
  0.352898829854575E+01 -0.279251519273054E+00
  0.355851940976629E+01 -0.274790324150094E+00
  0.358829764182036E+01 -0.270422547551627E+00
  0.361832506265274E+01 -0.266144904481815E+00
  0.364860375751304E+01 -0.261954137036961E+00
  0.367913582910057E+01 -0.257847019780933E+00
  0.370992339771036E+01 -0.253820365041060E+00
  0.374096860138037E+01 -0.249871028105834E+00
  0.377227359604000E+01 -0.245995912302622E+00
  0.380384055565979E+01 -0.242191973939283E+00
  0.383567167240241E+01 -0.238456227089869E+00
  0.386776915677487E+01 -0.234785748210797E+00
  0.390013523778203E+01 -0.231177680569432E+00
  0.393277216308142E+01 -0.227629238473428E+00
  0.396568219913929E+01 -0.224137711284435E+00
  0.399886763138806E+01 -0.220700467206425E+00
  0.403233076438494E+01 -0.217314956833707E+00
  0.406607392197209E+01 -0.213978716449890E+00
  0.410009944743788E+01 -0.210689371065130E+00
  0.413440970367971E+01 -0.207444637183663E+00
  0.416900707336805E+01 -0.204242325290578E+00
  0.420389395911192E+01 -0.201080342051247E+00
  0.423907278362573E+01 -0.197956692213859E+00
  0.427454598989756E+01 -0.194869480210109E+00
  0.431031604135875E+01 -0.191816911446140E+00
  0.434638542205504E+01 -0.188797293280612E+00
  0.438275663681903E+01 -0.185809035684091E+00
  0.441943221144413E+01 -0.182850651578893E+00
  0.445641469285999E+01 -0.179920756855864E+00
  0.449370664930934E+01 -0.177018070069748E+00
  0.453131067052638E+01 -0.174141411812769E+00
  0.456922936791657E+01 -0.171289703770638E+00
  0.460746537473804E+01 -0.168461967463962E+00
  0.464602134628439E+01 -0.165657322682596E+00
  0.468489996006914E+01 -0.162874985619062E+00
  0.472410391601166E+01 -0.160114266712426E+00
  0.476363593662465E+01 -0.157374568211684E+00
  0.480349876720319E+01 -0.154655381474167E+00
  0.484369517601543E+01 -0.151956284010868E+00
  0.488422795449480E+01 -0.149276936297831E+00
  0.492509991743388E+01 -0.146617078368425E+00
  0.496631390317985E+01 -0.143976526208682E+00
  0.500787277383162E+01 -0.141355167973036E+00
  0.504977941543857E+01 -0.138752960045011E+00
  0.509203673820100E+01 -0.136169922962142E+00
  0.513464767667218E+01 -0.133606137231286E+00
  0.517761518996218E+01 -0.131061739054665E+00
  0.522094226194338E+01 -0.128536915993660E+00
  0.526463190145761E+01 -0.126031902590893E+00
  0.530868714252519E+01 -0.123546975977460E+00
  0.535311104455556E+01 -0.121082451485290E+00
  0.539790669255976E+01 -0.118638678290371E+00
  0.544307719736470E+01 -0.116216035105442E+00
  0.548862569582913E+01 -0.113814925946045E+00
  0.553455535106153E+01 -0.111435775986258E+00
  0.558086935263976E+01 -0.109079027525653E+00
  0.562757091683252E+01 -0.106745136080842E+00
  0.567466328682278E+01 -0.104434566620310E+00
  0.572214973293293E+01 -0.102147789952573E+00
  0.577003355285191E+01 -0.998852792831371E-01
  0.581831807186425E+01 -0.976475069467859E-01
  0.586700664308095E+01 -0.954349413273101E-01
  0.591610264767236E+01 -0.932480439676614E-01
  0.596560949510296E+01 -0.910872668792812E-01
  0.601553062336817E+01 -0.889530500502445E-01
  0.606586949923307E+01 -0.868458191577598E-01
  0.611662961847317E+01 -0.847659834815615E-01
  0.616781450611713E+01 -0.827139340208771E-01
  0.621942771669162E+01 -0.806900418088062E-01
  0.627147283446811E+01 -0.786946564242450E-01
  0.632395347371181E+01 -0.767281046929746E-01
  0.637687327893264E+01 -0.747906895760331E-01
  0.643023592513835E+01 -0.728826892350927E-01
  0.648404511808970E+01 -0.710043562715195E-01
  0.653830459455783E+01 -0.691559171273962E-01
  0.659301812258374E+01 -0.673375716441925E-01
  0.664818950173998E+01 -0.655494927664003E-01
  0.670382256339449E+01 -0.637918263852033E-01
  0.675992117097669E+01 -0.620646913090059E-01
  0.681648922024577E+01 -0.603681793556512E-01
  0.687353063956121E+01 -0.587023555529730E-01
  0.693104939015560E+01 -0.570672584426448E-01
  0.698904946640976E+01 -0.554629004740936E-01
  0.704753489613005E+01 -0.538892684838080E-01
  0.710650974082816E+01 -0.523463242471597E-01
  0.716597809600312E+01 -0.508340050987255E-01
  0.722594409142570E+01 -0.493522246086530E-01
  0.728641189142526E+01 -0.479008733118961E-01
  0.734738569517885E+01 -0.464798194784605E-01
  0.740886973700293E+01 -0.450889099223256E-01
  0.747086828664732E+01 -0.437279708379634E-01
  0.753338564959177E+01 -0.423968086628946E-01
  0.759642616734495E+01 -0.410952109561062E-01
  0.765999421774593E+01 -0.398229472915130E-01
  0.772409421526819E+01 -0.385797701571746E-01
  0.778873061132622E+01 -0.373654158602554E-01
  0.785390789458460E+01 -0.361796054291781E-01
  0.791963059126975E+01 -0.350220455138047E-01
  0.798590326548425E+01 -0.338924292757969E-01
  0.805273051952377E+01 -0.327904372707007E-01
  0.812011699419670E+01 -0.317157383146304E-01
  0.818806736914641E+01 -0.306679903376922E-01
  0.825658636317626E+01 -0.296468412176953E-01
  0.832567873457725E+01 -0.286519295968097E-01
  0.839534928145850E+01 -0.276828856753269E-01
  0.846560284208043E+01 -0.267393319855920E-01
  0.853644429519075E+01 -0.258208841408587E-01
  0.860787856036330E+01 -0.249271515624196E-01
  0.867991059833964E+01 -0.240577381803035E-01
  0.875254541137358E+01 -0.232122431111433E-01
  0.882578804357854E+01 -0.223902613088921E-01
  0.889964358127787E+01 -0.215913841922744E-01
  0.897411715335804E+01 -0.208152002449325E-01
  0.904921393162480E+01 -0.200612955923458E-01
  0.912493913116239E+01 -0.193292545517698E-01
  0.920129801069564E+01 -0.186186601594043E-01
  0.927829587295522E+01 -0.179290946711959E-01
  0.935593806504584E+01 -0.172601400416926E-01
  0.943422997881759E+01 -0.166113783773900E-01
  0.951317705124040E+01 -0.159823923691520E-01
  0.959278476478157E+01 -0.153727657002035E-01
  0.967305864778654E+01 -0.147820834343543E-01
  0.975400427486278E+01 -0.142099323810053E-01
  0.983562726726692E+01 -0.136559014416434E-01
  0.991793329329512E+01 -0.131195819343905E-01
  0.100009280686767E+02 -0.126005679013639E-01
  0.100846173569711E+02 -0.120984563953791E-01
  0.101690069699681E+02 -0.116128477508107E-01
  0.102541027680914E+02 -0.111433458350849E-01
  0.103399106608056E+02 -0.106895582856399E-01
  0.104264366070266E+02 -0.102510967287912E-01
  0.105136866155355E+02 -0.982757698535992E-02
  0.106016667453957E+02 -0.941861925940540E-02
  0.106903831063738E+02 -0.902384831494945E-02
  0.107798418593639E+02 -0.864289363699690E-02
  0.108700492168153E+02 -0.827538958166836E-02
  0.109610114431640E+02 -0.792097551177473E-02
  0.110527348552680E+02 -0.757929592253807E-02
  0.111452258228454E+02 -0.725000055385180E-02
  0.112384907689173E+02 -0.693274449363123E-02
  0.113325361702536E+02 -0.662718826872313E-02
  0.114273685578227E+02 -0.633299792773908E-02
  0.115229945172452E+02 -0.604984511291426E-02
  0.116194206892511E+02 -0.577740712284056E-02
  0.117166537701411E+02 -0.551536697277209E-02
  0.118147005122516E+02 -0.526341340871706E-02
  0.119135677244235E+02 -0.502124108377280E-02
  0.120132622724752E+02 -0.478855029657132E-02
  0.121137910796793E+02 -0.456504727056356E-02
  0.122151611272432E+02 -0.435044414501150E-02
  0.123173794547945E+02 -0.414445895314080E-02
  0.124204531608691E+02 -0.394681559211405E-02
  0.125243894034047E+02 -0.375724378937076E-02
  0.126291954002377E+02 -0.357547914224636E-02
  0.127348784296045E+02 -0.340126310532306E-02
  0.128414458306468E+02 -0.323434297197606E-02
  0.129489050039213E+02 -0.307447184911399E-02
  0.130572634119139E+02 -0.292140862937229E-02
  0.131665285795575E+02 -0.277491795671705E-02
  0.132767080947550E+02 -0.263477018993541E-02
  0.133878096089057E+02 -0.250074135999130E-02
  0.134998408374374E+02 -0.237261312564967E-02
  0.136128095603413E+02 -0.225017272341496E-02
  0.137267236227133E+02 -0.213321291608924E-02
  0.138415909352977E+02 -0.202153193604024E-02
  0.139574194750375E+02 -0.191493342746625E-02
  0.140742172856278E+02 -0.181322638372204E-02
  0.141919924780746E+02 -0.171622508398730E-02
  0.143107532312581E+02 -0.162374902533023E-02
  0.144305077925004E+02 -0.153562285448480E-02
  0.145512644781388E+02 -0.145167629528784E-02
  0.146730316741027E+02 -0.137174407619173E-02
  0.147958178364963E+02 -0.129566585373250E-02
  0.149196314921858E+02 -0.122328613635493E-02
  0.150444812393914E+02 -0.115445420453089E-02
  0.151703757482847E+02 -0.108902403146453E-02
  0.152973237615905E+02 -0.102685420044219E-02
  0.154253340951941E+02 -0.967807822966174E-03
  0.155544156387534E+02 -0.911752453880122E-03
  0.156845773563164E+02 -0.858560007478641E-03
  0.158158282869435E+02 -0.808106670917954E-03
  0.159481775453355E+02 -0.760272818816081E-03
  0.160816343224663E+02 -0.714942925441423E-03
  0.162162078862212E+02 -0.672005478322760E-03
  0.163519075820407E+02 -0.631352889669476E-03
  0.164887428335693E+02 -0.592881409470823E-03
  0.166267231433101E+02 -0.556491036626350E-03
  0.167658580932844E+02 -0.522085431983558E-03
  0.169061573456974E+02 -0.489571829619486E-03
  0.170476306436093E+02 -0.458860950270455E-03
  0.171902878116113E+02 -0.429866913227006E-03
  0.173341387565087E+02 -0.402507150558505E-03
  0.174791934680082E+02 -0.376702320071018E-03
  0.176254620194119E+02 -0.352376220776606E-03
  0.177729545683169E+02 -0.329455707338671E-03
  0.179216813573206E+02 -0.307870607230803E-03
  0.180716527147320E+02 -0.287553637312512E-03
  0.182228790552890E+02 -0.268440322359937E-03
  0.183753708808816E+02 -0.250468916426583E-03
  0.185291387812811E+02 -0.233580313757061E-03
  0.186841934348758E+02 -0.217718013520569E-03
  0.188405456094122E+02 -0.202827907599099E-03
  0.189982061627431E+02 -0.188858731221669E-03
  0.191571860435814E+02 -0.175759957196887E-03
  0.193174962922605E+02 -0.163488707632443E-03
  0.194791480415009E+02 -0.151996222524197E-03
  0.196421525171836E+02 -0.141239341192690E-03
  0.198065210391293E+02 -0.131178744260237E-03
  0.199722650218847E+02 -0.121770276617551E-03
  0.201393959755153E+02 -0.112971490217093E-03
  0.203079255064044E+02 -0.104747597432670E-03
  0.204778653180595E+02 -0.970654835602493E-04
  0.206492272119247E+02 -0.898936439198646E-04
  0.208220230882002E+02 -0.832021244487958E-04
  0.209962649466692E+02 -0.769624615159388E-04
  0.211719648875309E+02 -0.711476251548738E-04
  0.213491351122404E+02 -0.657319615445440E-04
  0.215277879243570E+02 -0.606911389377883E-04
  0.217079357303977E+02 -0.560020928861898E-04
  0.218895910406991E+02 -0.516429748901197E-04
  0.220727664702865E+02 -0.475931004124015E-04
  0.222574747397492E+02 -0.438329002674750E-04
  0.224437286761249E+02 -0.403438714386739E-04
  0.226315412137893E+02 -0.371085312195096E-04
  0.228209253953554E+02 -0.341103708210255E-04
  0.230118943725786E+02 -0.313338122780450E-04
  0.232044614072700E+02 -0.287641647877714E-04
  0.233986398722179E+02 -0.263875843813748E-04
  0.235944432521158E+02 -0.241910329579878E-04
  0.237918851444995E+02 -0.221622406576279E-04
  0.239909792606908E+02 -0.202896675648040E-04
  0.241917394267499E+02 -0.185624687194375E-04
  0.243941795844359E+02 -0.169704584090740E-04
  0.245983137921742E+02 -0.155040777699093E-04
  0.248041562260337E+02 -0.141543615897589E-04
  0.250117211807104E+02 -0.129129084118614E-04
  0.252210230705208E+02 -0.117718497678297E-04
  0.254320764304025E+02 -0.107238226912561E-04
  0.256448959169235E+02 -0.976194129801187E-05
  0.258594963093005E+02 -0.887977160561130E-05
  0.260758925104246E+02 -0.807130534948987E-05
  0.262940995478969E+02 -0.733093702603137E-05
  0.265141325750714E+02 -0.665343982835955E-05
  0.267360068721081E+02 -0.603394479315659E-05
  0.269597378470332E+02 -0.546791876350213E-05
  0.271853410368101E+02 -0.495114552750561E-05
  0.274128321084174E+02 -0.447970568065686E-05
  0.276422268599379E+02 -0.404995963997451E-05
  0.278735412216546E+02 -0.365852931560384E-05
  0.281067912571580E+02 -0.330228284051497E-05
  0.283419931644608E+02 -0.297831804587858E-05
  0.285791632771234E+02 -0.268394861790160E-05
  0.288183180653879E+02 -0.241668922217604E-05
  0.290594741373217E+02 -0.217424339744275E-05
  0.293026482399711E+02 -0.195448974086177E-05
  0.295478572605245E+02 -0.175547134474414E-05
  0.297951182274845E+02 -0.157538369654603E-05
  0.300444483118510E+02 -0.141256515420786E-05
  0.302958648283133E+02 -0.126548591967685E-05
  0.305493852364529E+02 -0.113273983286179E-05
  0.308050271419554E+02 -0.101303448000617E-05
  0.310628082978339E+02 -0.905184071734733E-06
  0.313227466056609E+02 -0.808100585524864E-06
  0.315848601168124E+02 -0.720787629817109E-06
  0.318491670337208E+02 -0.642332525020217E-06
  0.321156857111393E+02 -0.571901060484431E-06
  0.323844346574167E+02 -0.508730423280450E-06
  0.326554325357821E+02 -0.452124760312327E-06
  0.329286981656415E+02 -0.401448869567843E-06
  0.332042505238847E+02 -0.356124484869078E-06
  0.334821087462027E+02 -0.315624649947501E-06
  0.337622921284173E+02 -0.279470648836818E-06
  0.340448201278202E+02 -0.247226988769563E-06
  0.343297123645249E+02 -0.218498904830446E-06
  0.346169886228291E+02 -0.192927883171545E-06
  0.349066688525884E+02 -0.170189674250875E-06
  0.351987731706018E+02 -0.149990293337433E-06
  0.354933218620088E+02 -0.132064482085575E-06
  0.357903353816980E+02 -0.116172128809362E-06
  0.360898343557277E+02 -0.102097123438976E-06
  0.363918395827579E+02 -0.896441452462966E-07
  0.366963720354955E+02 -0.786378614059743E-07
  0.370034528621496E+02 -0.689200347830315E-07
  0.373131033879011E+02 -0.603490213761694E-07
  0.376253451163833E+02 -0.527971556022226E-07
  0.379401997311749E+02 -0.461505062620675E-07
  0.382576890973063E+02 -0.403065014234879E-07
  0.385778352627778E+02 -0.351739070305821E-07
  0.389006604600905E+02 -0.306706575952228E-07
  0.392261871077908E+02 -0.267240256082271E-07
  0.395544378120266E+02 -0.232686282125666E-07
  0.398854353681176E+02 -0.202467594334277E-07
  0.402192027621383E+02 -0.176065465113528E-07
  0.405557631725140E+02 -0.153024204921641E-07
  0.408951399716308E+02 -0.132933993017028E-07
  0.412373567274583E+02 -0.115436752839082E-07
  0.415824372051864E+02 -0.100210052435803E-07
  0.419304053688760E+02 -0.869739635845763E-08
  0.422812853831227E+02 -0.754758605035851E-08
  0.426351016147352E+02 -0.654981039542094E-08
  0.429918786344273E+02 -0.568435900687593E-08
  0.433516412185243E+02 -0.493441219721157E-08
  0.437144143506835E+02 -0.428465816277713E-08
  0.440802232236295E+02 -0.372218701208556E-08
  0.444490932409030E+02 -0.323515901503988E-08
  0.448210500186259E+02 -0.281374520801483E-08
  0.451961193872794E+02 -0.244883703194547E-08
  0.455743273934981E+02 -0.213302416021984E-08
  0.459557003018789E+02 -0.185933718318660E-08
  0.463402645968048E+02 -0.162225496895526E-08
  0.467280469842842E+02 -0.141647314551914E-08
  0.471190743938055E+02 -0.123793484844890E-08
  0.475133739802069E+02 -0.108261958017615E-08
  0.479109731255626E+02 -0.947592689500012E-09
  0.483118994410842E+02 -0.829810891611171E-09
  0.487161807690381E+02 -0.727187311979520E-09
  0.491238451846789E+02 -0.637410948322023E-09
  0.495349209981993E+02 -0.559025178090848E-09
  0.499494367566961E+02 -0.490259275498656E-09
  0.503674212461524E+02 -0.430118277980104E-09
  0.507889034934368E+02 -0.377224738547412E-09
  0.512139127683192E+02 -0.705686874594180E-13
  0.516424785855034E+02 -0.137588813554653E-15
  0.520746307066768E+02 -0.705767132669412E-13
  0.525103991425768E+02 -0.135314670496186E-15
  0.529498141550757E+02 -0.705846061843787E-13
  0.533929062592814E+02 -0.133078115716277E-15
  0.538397062256570E+02 -0.705923697733741E-13
  0.542902450821576E+02 -0.130878527935329E-15
  0.547445541163847E+02 -0.706000021661158E-13
  0.552026648777594E+02 -0.128715296142591E-15
  0.556646091797132E+02 -0.706075120021884E-13
  0.561304191018971E+02 -0.126587819426434E-15
  0.566001269924095E+02 -0.706148868323907E-13
  0.570737654700428E+02 -0.124495506807423E-15
  0.575513674265483E+02 -0.706221550382751E-13
  0.580329660289203E+02 -0.122437777074156E-15
  0.585185947217000E+02 -0.706292934754854E-13
  0.590082872292970E+02 -0.120414058621807E-15
  0.595020775583326E+02 -0.706363190326599E-13
  0.600000000000000E+02 -0.118423789293350E-15
