#     Ultrasoft pseudopotential             : MO
#              by  GGA (PBE)  / scalar relativistic atomic calculation.
#
#     ---- valence electron configuration for constructing pp. ----
#      4D        5S        5P    
#      5.0000    0.5000    0.0000
#     ------------------------------
#C 1542 (0.2181843553D+01 )   : R_cut_local-V
#L  0.1200000000D+03          : 1 / logarithmic mesh
#Z  0.6000000000D+01          : core charge         
#  r [ bohr ]        local potential 
  0.577774851941877D-05 -0.100000000000000D+01
  0.582609759844562D-05 -0.100000000000000D+01
  0.587485126992485D-05 -0.100000000000000D+01
  0.592401291954770D-05 -0.100000000000000D+01
  0.597358596133735D-05 -0.100000000000000D+01
  0.602357383788609D-05 -0.100000000000000D+01
  0.607398002059432D-05 -0.100000000000000D+01
  0.612480800991165D-05 -0.100000000000000D+01
  0.617606133557998D-05 -0.100000000000000D+01
  0.622774355687864D-05 -0.100000000000000D+01
  0.627985826287155D-05 -0.100000000000000D+01
  0.633240907265645D-05 -0.100000000000000D+01
  0.638539963561626D-05 -0.100000000000000D+01
  0.643883363167247D-05 -0.100000000000000D+01
  0.649271477154074D-05 -0.100000000000000D+01
  0.654704679698853D-05 -0.100000000000000D+01
  0.660183348109501D-05 -0.100000000000000D+01
  0.665707862851303D-05 -0.100000000000000D+01
  0.671278607573337D-05 -0.100000000000000D+01
  0.676895969135114D-05 -0.100000000000000D+01
  0.682560337633444D-05 -0.100000000000000D+01
  0.688272106429527D-05 -0.100000000000000D+01
  0.694031672176269D-05 -0.100000000000000D+01
  0.699839434845829D-05 -0.100000000000000D+01
  0.705695797757393D-05 -0.100000000000000D+01
  0.711601167605183D-05 -0.100000000000000D+01
  0.717555954486700D-05 -0.100000000000000D+01
  0.723560571931205D-05 -0.100000000000000D+01
  0.729615436928432D-05 -0.100000000000000D+01
  0.735720969957552D-05 -0.100000000000000D+01
  0.741877595016368D-05 -0.100000000000000D+01
  0.748085739650759D-05 -0.100000000000000D+01
  0.754345834984377D-05 -0.100000000000000D+01
  0.760658315748580D-05 -0.100000000000000D+01
  0.767023620312625D-05 -0.100000000000000D+01
  0.773442190714108D-05 -0.100000000000000D+01
  0.779914472689665D-05 -0.100000000000000D+01
  0.786440915705923D-05 -0.100000000000000D+01
  0.793021972990714D-05 -0.100000000000000D+01
  0.799658101564550D-05 -0.100000000000000D+01
  0.806349762272361D-05 -0.100000000000000D+01
  0.813097419815494D-05 -0.100000000000000D+01
  0.819901542783993D-05 -0.100000000000000D+01
  0.826762603689130D-05 -0.100000000000000D+01
  0.833681078996226D-05 -0.100000000000000D+01
  0.840657449157735D-05 -0.100000000000000D+01
  0.847692198646611D-05 -0.100000000000000D+01
  0.854785815989951D-05 -0.100000000000000D+01
  0.861938793802922D-05 -0.100000000000000D+01
  0.869151628822968D-05 -0.100000000000000D+01
  0.876424821944309D-05 -0.100000000000000D+01
  0.883758878252724D-05 -0.100000000000000D+01
  0.891154307060625D-05 -0.100000000000000D+01
  0.898611621942431D-05 -0.100000000000000D+01
  0.906131340770226D-05 -0.100000000000000D+01
  0.913713985749729D-05 -0.100000000000000D+01
  0.921360083456556D-05 -0.100000000000000D+01
  0.929070164872786D-05 -0.100000000000000D+01
  0.936844765423840D-05 -0.100000000000000D+01
  0.944684425015656D-05 -0.100000000000000D+01
  0.952589688072192D-05 -0.100000000000000D+01
  0.960561103573225D-05 -0.100000000000000D+01
  0.968599225092479D-05 -0.100000000000000D+01
  0.976704610836068D-05 -0.100000000000000D+01
  0.984877823681259D-05 -0.100000000000000D+01
  0.993119431215563D-05 -0.100000000000000D+01
  0.100143000577615D-04 -0.100000000000000D+01
  0.100981012448959D-04 -0.100000000000000D+01
  0.101826036931194D-04 -0.100000000000000D+01
  0.102678132706915D-04 -0.100000000000000D+01
  0.103537358949783D-04 -0.100000000000000D+01
  0.104403775328632D-04 -0.100000000000000D+01
  0.105277442011614D-04 -0.100000000000000D+01
  0.106158419670378D-04 -0.100000000000000D+01
  0.107046769484282D-04 -0.100000000000000D+01
  0.107942553144642D-04 -0.100000000000000D+01
  0.108845832859016D-04 -0.100000000000000D+01
  0.109756671355527D-04 -0.100000000000000D+01
  0.110675131887213D-04 -0.100000000000000D+01
  0.111601278236424D-04 -0.100000000000000D+01
  0.112535174719252D-04 -0.100000000000000D+01
  0.113476886189995D-04 -0.100000000000000D+01
  0.114426478045660D-04 -0.100000000000000D+01
  0.115384016230508D-04 -0.100000000000000D+01
  0.116349567240631D-04 -0.100000000000000D+01
  0.117323198128571D-04 -0.100000000000000D+01
  0.118304976507976D-04 -0.100000000000000D+01
  0.119294970558293D-04 -0.100000000000000D+01
  0.120293249029508D-04 -0.100000000000000D+01
  0.121299881246915D-04 -0.100000000000000D+01
  0.122314937115934D-04 -0.100000000000000D+01
  0.123338487126965D-04 -0.100000000000000D+01
  0.124370602360279D-04 -0.100000000000000D+01
  0.125411354490962D-04 -0.100000000000000D+01
  0.126460815793885D-04 -0.100000000000000D+01
  0.127519059148726D-04 -0.100000000000000D+01
  0.128586158045033D-04 -0.100000000000000D+01
  0.129662186587324D-04 -0.100000000000000D+01
  0.130747219500238D-04 -0.100000000000000D+01
  0.131841332133716D-04 -0.100000000000000D+01
  0.132944600468243D-04 -0.100000000000000D+01
  0.134057101120120D-04 -0.100000000000000D+01
  0.135178911346782D-04 -0.100000000000000D+01
  0.136310109052169D-04 -0.100000000000000D+01
  0.137450772792131D-04 -0.100000000000000D+01
  0.138600981779887D-04 -0.100000000000000D+01
  0.139760815891523D-04 -0.100000000000000D+01
  0.140930355671540D-04 -0.100000000000000D+01
  0.142109682338449D-04 -0.100000000000000D+01
  0.143298877790409D-04 -0.100000000000000D+01
  0.144498024610916D-04 -0.100000000000000D+01
  0.145707206074535D-04 -0.100000000000000D+01
  0.146926506152689D-04 -0.100000000000000D+01
  0.148156009519483D-04 -0.100000000000000D+01
  0.149395801557590D-04 -0.100000000000000D+01
  0.150645968364177D-04 -0.100000000000000D+01
  0.151906596756887D-04 -0.100000000000000D+01
  0.153177774279864D-04 -0.100000000000000D+01
  0.154459589209836D-04 -0.100000000000000D+01
  0.155752130562244D-04 -0.100000000000000D+01
  0.157055488097423D-04 -0.100000000000000D+01
  0.158369752326837D-04 -0.100000000000000D+01
  0.159695014519363D-04 -0.100000000000000D+01
  0.161031366707632D-04 -0.100000000000000D+01
  0.162378901694415D-04 -0.100000000000000D+01
  0.163737713059071D-04 -0.100000000000000D+01
  0.165107895164049D-04 -0.100000000000000D+01
  0.166489543161433D-04 -0.100000000000000D+01
  0.167882752999556D-04 -0.100000000000000D+01
  0.169287621429662D-04 -0.100000000000000D+01
  0.170704246012622D-04 -0.100000000000000D+01
  0.172132725125713D-04 -0.100000000000000D+01
  0.173573157969448D-04 -0.100000000000000D+01
  0.175025644574463D-04 -0.100000000000000D+01
  0.176490285808469D-04 -0.100000000000000D+01
  0.177967183383250D-04 -0.100000000000000D+01
  0.179456439861732D-04 -0.100000000000000D+01
  0.180958158665101D-04 -0.100000000000000D+01
  0.182472444079990D-04 -0.100000000000000D+01
  0.183999401265716D-04 -0.100000000000000D+01
  0.185539136261587D-04 -0.100000000000000D+01
  0.187091755994262D-04 -0.100000000000000D+01
  0.188657368285181D-04 -0.100000000000000D+01
  0.190236081858047D-04 -0.100000000000000D+01
  0.191828006346384D-04 -0.100000000000000D+01
  0.193433252301141D-04 -0.100000000000000D+01
  0.195051931198379D-04 -0.100000000000000D+01
  0.196684155447003D-04 -0.100000000000000D+01
  0.198330038396577D-04 -0.100000000000000D+01
  0.199989694345189D-04 -0.100000000000000D+01
  0.201663238547390D-04 -0.100000000000000D+01
  0.203350787222201D-04 -0.100000000000000D+01
  0.205052457561181D-04 -0.100000000000000D+01
  0.206768367736564D-04 -0.100000000000000D+01
  0.208498636909469D-04 -0.100000000000000D+01
  0.210243385238172D-04 -0.100000000000000D+01
  0.212002733886454D-04 -0.100000000000000D+01
  0.213776805032011D-04 -0.100000000000000D+01
  0.215565721874941D-04 -0.100000000000000D+01
  0.217369608646298D-04 -0.100000000000000D+01
  0.219188590616724D-04 -0.100000000000000D+01
  0.221022794105140D-04 -0.100000000000000D+01
  0.222872346487527D-04 -0.100000000000000D+01
  0.224737376205766D-04 -0.100000000000000D+01
  0.226618012776558D-04 -0.100000000000000D+01
  0.228514386800421D-04 -0.100000000000000D+01
  0.230426629970759D-04 -0.100000000000000D+01
  0.232354875083003D-04 -0.100000000000000D+01
  0.234299256043840D-04 -0.100000000000000D+01
  0.236259907880506D-04 -0.100000000000000D+01
  0.238236966750168D-04 -0.100000000000000D+01
  0.240230569949374D-04 -0.100000000000000D+01
  0.242240855923592D-04 -0.100000000000000D+01
  0.244267964276823D-04 -0.100000000000000D+01
  0.246312035781295D-04 -0.100000000000000D+01
  0.248373212387239D-04 -0.100000000000000D+01
  0.250451637232747D-04 -0.100000000000000D+01
  0.252547454653715D-04 -0.100000000000000D+01
  0.254660810193861D-04 -0.100000000000000D+01
  0.256791850614835D-04 -0.100000000000000D+01
  0.258940723906412D-04 -0.100000000000000D+01
  0.261107579296767D-04 -0.100000000000000D+01
  0.263292567262841D-04 -0.100000000000000D+01
  0.265495839540786D-04 -0.100000000000000D+01
  0.267717549136507D-04 -0.100000000000000D+01
  0.269957850336286D-04 -0.100000000000000D+01
  0.272216898717495D-04 -0.100000000000000D+01
  0.274494851159402D-04 -0.100000000000000D+01
  0.276791865854065D-04 -0.100000000000000D+01
  0.279108102317315D-04 -0.100000000000000D+01
  0.281443721399838D-04 -0.100000000000000D+01
  0.283798885298342D-04 -0.100000000000000D+01
  0.286173757566822D-04 -0.100000000000000D+01
  0.288568503127919D-04 -0.100000000000000D+01
  0.290983288284368D-04 -0.100000000000000D+01
  0.293418280730555D-04 -0.100000000000000D+01
  0.295873649564156D-04 -0.100000000000000D+01
  0.298349565297882D-04 -0.100000000000000D+01
  0.300846199871320D-04 -0.100000000000000D+01
  0.303363726662875D-04 -0.100000000000000D+01
  0.305902320501808D-04 -0.100000000000000D+01
  0.308462157680379D-04 -0.100000000000000D+01
  0.311043415966086D-04 -0.100000000000000D+01
  0.313646274614014D-04 -0.100000000000000D+01
  0.316270914379283D-04 -0.100000000000000D+01
  0.318917517529597D-04 -0.100000000000000D+01
  0.321586267857906D-04 -0.100000000000000D+01
  0.324277350695166D-04 -0.100000000000000D+01
  0.326990952923211D-04 -0.100000000000000D+01
  0.329727262987730D-04 -0.100000000000000D+01
  0.332486470911357D-04 -0.100000000000000D+01
  0.335268768306860D-04 -0.100000000000000D+01
  0.338074348390455D-04 -0.100000000000000D+01
  0.340903405995220D-04 -0.100000000000000D+01
  0.343756137584625D-04 -0.100000000000000D+01
  0.346632741266177D-04 -0.100000000000000D+01
  0.349533416805177D-04 -0.100000000000000D+01
  0.352458365638592D-04 -0.100000000000000D+01
  0.355407790889043D-04 -0.100000000000000D+01
  0.358381897378915D-04 -0.100000000000000D+01
  0.361380891644576D-04 -0.100000000000000D+01
  0.364404981950721D-04 -0.100000000000000D+01
  0.367454378304836D-04 -0.100000000000000D+01
  0.370529292471784D-04 -0.100000000000000D+01
  0.373629937988505D-04 -0.100000000000000D+01
  0.376756530178852D-04 -0.100000000000000D+01
  0.379909286168538D-04 -0.100000000000000D+01
  0.383088424900219D-04 -0.100000000000000D+01
  0.386294167148696D-04 -0.100000000000000D+01
  0.389526735536245D-04 -0.100000000000000D+01
  0.392786354548082D-04 -0.100000000000000D+01
  0.396073250547949D-04 -0.100000000000000D+01
  0.399387651793832D-04 -0.100000000000000D+01
  0.402729788453818D-04 -0.100000000000000D+01
  0.406099892622072D-04 -0.100000000000000D+01
  0.409498198334962D-04 -0.100000000000000D+01
  0.412924941587304D-04 -0.100000000000000D+01
  0.416380360348758D-04 -0.100000000000000D+01
  0.419864694580348D-04 -0.100000000000000D+01
  0.423378186251129D-04 -0.100000000000000D+01
  0.426921079354992D-04 -0.100000000000000D+01
  0.430493619927602D-04 -0.100000000000000D+01
  0.434096056063491D-04 -0.100000000000000D+01
  0.437728637933283D-04 -0.100000000000000D+01
  0.441391617801067D-04 -0.100000000000000D+01
  0.445085250041917D-04 -0.100000000000000D+01
  0.448809791159558D-04 -0.100000000000000D+01
  0.452565499804173D-04 -0.100000000000000D+01
  0.456352636790374D-04 -0.100000000000000D+01
  0.460171465115306D-04 -0.100000000000000D+01
  0.464022249976915D-04 -0.100000000000000D+01
  0.467905258792363D-04 -0.100000000000000D+01
  0.471820761216603D-04 -0.100000000000000D+01
  0.475769029161097D-04 -0.100000000000000D+01
  0.479750336812706D-04 -0.100000000000000D+01
  0.483764960652729D-04 -0.100000000000000D+01
  0.487813179476100D-04 -0.100000000000000D+01
  0.491895274410755D-04 -0.100000000000000D+01
  0.496011528937148D-04 -0.100000000000000D+01
  0.500162228907943D-04 -0.100000000000000D+01
  0.504347662567860D-04 -0.100000000000000D+01
  0.508568120573699D-04 -0.100000000000000D+01
  0.512823896014515D-04 -0.100000000000000D+01
  0.517115284431980D-04 -0.100000000000000D+01
  0.521442583840904D-04 -0.100000000000000D+01
  0.525806094749929D-04 -0.100000000000000D+01
  0.530206120182400D-04 -0.100000000000000D+01
  0.534642965697406D-04 -0.100000000000000D+01
  0.539116939411003D-04 -0.100000000000000D+01
  0.543628352017607D-04 -0.100000000000000D+01
  0.548177516811574D-04 -0.100000000000000D+01
  0.552764749708954D-04 -0.100000000000000D+01
  0.557390369269430D-04 -0.100000000000000D+01
  0.562054696718441D-04 -0.100000000000000D+01
  0.566758055969492D-04 -0.100000000000000D+01
  0.571500773646641D-04 -0.100000000000000D+01
  0.576283179107190D-04 -0.100000000000000D+01
  0.581105604464550D-04 -0.100000000000000D+01
  0.585968384611310D-04 -0.100000000000000D+01
  0.590871857242490D-04 -0.100000000000000D+01
  0.595816362878992D-04 -0.100000000000000D+01
  0.600802244891251D-04 -0.100000000000000D+01
  0.605829849523076D-04 -0.100000000000000D+01
  0.610899525915700D-04 -0.100000000000000D+01
  0.616011626132020D-04 -0.100000000000000D+01
  0.621166505181050D-04 -0.100000000000000D+01
  0.626364521042573D-04 -0.100000000000000D+01
  0.631606034692002D-04 -0.100000000000000D+01
  0.636891410125446D-04 -0.100000000000000D+01
  0.642221014384992D-04 -0.100000000000000D+01
  0.647595217584186D-04 -0.100000000000000D+01
  0.653014392933746D-04 -0.100000000000000D+01
  0.658478916767469D-04 -0.100000000000000D+01
  0.663989168568374D-04 -0.100000000000000D+01
  0.669545530995050D-04 -0.100000000000000D+01
  0.675148389908233D-04 -0.100000000000000D+01
  0.680798134397598D-04 -0.100000000000000D+01
  0.686495156808783D-04 -0.100000000000000D+01
  0.692239852770634D-04 -0.100000000000000D+01
  0.698032621222679D-04 -0.100000000000000D+01
  0.703873864442834D-04 -0.100000000000000D+01
  0.709763988075335D-04 -0.100000000000000D+01
  0.715703401158914D-04 -0.100000000000000D+01
  0.721692516155200D-04 -0.100000000000000D+01
  0.727731748977362D-04 -0.100000000000000D+01
  0.733821519018996D-04 -0.100000000000000D+01
  0.739962249183247D-04 -0.100000000000000D+01
  0.746154365912177D-04 -0.100000000000000D+01
  0.752398299216381D-04 -0.100000000000000D+01
  0.758694482704848D-04 -0.100000000000000D+01
  0.765043353615073D-04 -0.100000000000000D+01
  0.771445352843419D-04 -0.100000000000000D+01
  0.777900924975741D-04 -0.100000000000000D+01
  0.784410518318252D-04 -0.100000000000000D+01
  0.790974584928661D-04 -0.100000000000000D+01
  0.797593580647567D-04 -0.100000000000000D+01
  0.804267965130108D-04 -0.100000000000000D+01
  0.810998201877891D-04 -0.100000000000000D+01
  0.817784758271171D-04 -0.100000000000000D+01
  0.824628105601314D-04 -0.100000000000000D+01
  0.831528719103525D-04 -0.100000000000000D+01
  0.838487077989846D-04 -0.100000000000000D+01
  0.845503665482443D-04 -0.100000000000000D+01
  0.852578968847154D-04 -0.100000000000000D+01
  0.859713479427336D-04 -0.100000000000000D+01
  0.866907692677977D-04 -0.100000000000000D+01
  0.874162108200113D-04 -0.100000000000000D+01
  0.881477229775515D-04 -0.100000000000000D+01
  0.888853565401675D-04 -0.100000000000000D+01
  0.896291627327088D-04 -0.100000000000000D+01
  0.903791932086822D-04 -0.100000000000000D+01
  0.911355000538387D-04 -0.100000000000000D+01
  0.918981357897910D-04 -0.100000000000000D+01
  0.926671533776606D-04 -0.100000000000000D+01
  0.934426062217557D-04 -0.100000000000000D+01
  0.942245481732799D-04 -0.100000000000000D+01
  0.950130335340718D-04 -0.100000000000000D+01
  0.958081170603762D-04 -0.100000000000000D+01
  0.966098539666463D-04 -0.100000000000000D+01
  0.974182999293785D-04 -0.100000000000000D+01
  0.982335110909782D-04 -0.100000000000000D+01
  0.990555440636595D-04 -0.100000000000000D+01
  0.998844559333756D-04 -0.100000000000000D+01
  0.100720304263784D-03 -0.100000000000000D+01
  0.101563147100244D-03 -0.100000000000000D+01
  0.102413042973846D-03 -0.100000000000000D+01
  0.103270050905479D-03 -0.100000000000000D+01
  0.104134230409927D-03 -0.100000000000000D+01
  0.105005641500002D-03 -0.100000000000000D+01
  0.105884344690715D-03 -0.100000000000000D+01
  0.106770401003473D-03 -0.100000000000000D+01
  0.107663871970320D-03 -0.100000000000000D+01
  0.108564819638211D-03 -0.100000000000000D+01
  0.109473306573317D-03 -0.100000000000000D+01
  0.110389395865375D-03 -0.100000000000000D+01
  0.111313151132065D-03 -0.100000000000000D+01
  0.112244636523429D-03 -0.100000000000000D+01
  0.113183916726326D-03 -0.100000000000000D+01
  0.114131056968927D-03 -0.100000000000000D+01
  0.115086123025240D-03 -0.100000000000000D+01
  0.116049181219680D-03 -0.100000000000000D+01
  0.117020298431676D-03 -0.100000000000000D+01
  0.117999542100313D-03 -0.100000000000000D+01
  0.118986980229018D-03 -0.100000000000000D+01
  0.119982681390279D-03 -0.100000000000000D+01
  0.120986714730410D-03 -0.100000000000000D+01
  0.121999149974353D-03 -0.100000000000000D+01
  0.123020057430518D-03 -0.100000000000000D+01
  0.124049507995665D-03 -0.100000000000000D+01
  0.125087573159832D-03 -0.100000000000000D+01
  0.126134325011293D-03 -0.100000000000000D+01
  0.127189836241571D-03 -0.100000000000000D+01
  0.128254180150481D-03 -0.100000000000000D+01
  0.129327430651222D-03 -0.100000000000000D+01
  0.130409662275509D-03 -0.100000000000000D+01
  0.131500950178752D-03 -0.100000000000000D+01
  0.132601370145272D-03 -0.100000000000000D+01
  0.133710998593564D-03 -0.100000000000000D+01
  0.134829912581604D-03 -0.100000000000000D+01
  0.135958189812204D-03 -0.100000000000000D+01
  0.137095908638402D-03 -0.100000000000000D+01
  0.138243148068906D-03 -0.100000000000000D+01
  0.139399987773583D-03 -0.100000000000000D+01
  0.140566508088989D-03 -0.100000000000000D+01
  0.141742790023947D-03 -0.100000000000000D+01
  0.142928915265175D-03 -0.100000000000000D+01
  0.144124966182960D-03 -0.100000000000000D+01
  0.145331025836872D-03 -0.100000000000000D+01
  0.146547177981539D-03 -0.100000000000000D+01
  0.147773507072461D-03 -0.100000000000000D+01
  0.149010098271871D-03 -0.100000000000000D+01
  0.150257037454657D-03 -0.100000000000000D+01
  0.151514411214317D-03 -0.100000000000000D+01
  0.152782306868981D-03 -0.100000000000000D+01
  0.154060812467465D-03 -0.100000000000000D+01
  0.155350016795396D-03 -0.100000000000000D+01
  0.156650009381369D-03 -0.100000000000000D+01
  0.157960880503170D-03 -0.100000000000000D+01
  0.159282721194043D-03 -0.100000000000000D+01
  0.160615623249011D-03 -0.100000000000000D+01
  0.161959679231253D-03 -0.100000000000000D+01
  0.163314982478530D-03 -0.100000000000000D+01
  0.164681627109666D-03 -0.100000000000000D+01
  0.166059708031090D-03 -0.100000000000000D+01
  0.167449320943418D-03 -0.100000000000000D+01
  0.168850562348107D-03 -0.100000000000000D+01
  0.170263529554149D-03 -0.100000000000000D+01
  0.171688320684835D-03 -0.100000000000000D+01
  0.173125034684567D-03 -0.100000000000000D+01
  0.174573771325727D-03 -0.100000000000000D+01
  0.176034631215608D-03 -0.100000000000000D+01
  0.177507715803402D-03 -0.100000000000000D+01
  0.178993127387241D-03 -0.100000000000000D+01
  0.180490969121305D-03 -0.100000000000000D+01
  0.182001345022982D-03 -0.100000000000000D+01
  0.183524359980094D-03 -0.100000000000000D+01
  0.185060119758182D-03 -0.100000000000000D+01
  0.186608731007846D-03 -0.100000000000000D+01
  0.188170301272159D-03 -0.100000000000000D+01
  0.189744938994125D-03 -0.100000000000000D+01
  0.191332753524221D-03 -0.100000000000000D+01
  0.192933855127981D-03 -0.100000000000000D+01
  0.194548354993662D-03 -0.100000000000000D+01
  0.196176365239957D-03 -0.100000000000000D+01
  0.197817998923789D-03 -0.100000000000000D+01
  0.199473370048156D-03 -0.100000000000000D+01
  0.201142593570051D-03 -0.100000000000000D+01
  0.202825785408446D-03 -0.100000000000000D+01
  0.204523062452339D-03 -0.100000000000000D+01
  0.206234542568873D-03 -0.100000000000000D+01
  0.207960344611523D-03 -0.100000000000000D+01
  0.209700588428345D-03 -0.100000000000000D+01
  0.211455394870305D-03 -0.100000000000000D+01
  0.213224885799665D-03 -0.100000000000000D+01
  0.215009184098452D-03 -0.100000000000000D+01
  0.216808413676987D-03 -0.100000000000000D+01
  0.218622699482491D-03 -0.100000000000000D+01
  0.220452167507764D-03 -0.100000000000000D+01
  0.222296944799930D-03 -0.100000000000000D+01
  0.224157159469267D-03 -0.100000000000000D+01
  0.226032940698095D-03 -0.100000000000000D+01
  0.227924418749753D-03 -0.100000000000000D+01
  0.229831724977645D-03 -0.100000000000000D+01
  0.231754991834358D-03 -0.100000000000000D+01
  0.233694352880863D-03 -0.100000000000000D+01
  0.235649942795791D-03 -0.100000000000000D+01
  0.237621897384783D-03 -0.100000000000000D+01
  0.239610353589921D-03 -0.100000000000000D+01
  0.241615449499242D-03 -0.100000000000000D+01
  0.243637324356322D-03 -0.100000000000000D+01
  0.245676118569951D-03 -0.100000000000000D+01
  0.247731973723879D-03 -0.100000000000000D+01
  0.249805032586652D-03 -0.100000000000000D+01
  0.251895439121523D-03 -0.100000000000000D+01
  0.254003338496454D-03 -0.100000000000000D+01
  0.256128877094192D-03 -0.100000000000000D+01
  0.258272202522438D-03 -0.100000000000000D+01
  0.260433463624099D-03 -0.100000000000000D+01
  0.262612810487618D-03 -0.100000000000000D+01
  0.264810394457404D-03 -0.100000000000000D+01
  0.267026368144337D-03 -0.100000000000000D+01
  0.269260885436371D-03 -0.100000000000000D+01
  0.271514101509214D-03 -0.100000000000000D+01
  0.273786172837112D-03 -0.100000000000000D+01
  0.276077257203707D-03 -0.100000000000000D+01
  0.278387513713002D-03 -0.100000000000000D+01
  0.280717102800405D-03 -0.100000000000000D+01
  0.283066186243873D-03 -0.100000000000000D+01
  0.285434927175143D-03 -0.100000000000000D+01
  0.287823490091066D-03 -0.100000000000000D+01
  0.290232040865027D-03 -0.100000000000000D+01
  0.292660746758463D-03 -0.100000000000000D+01
  0.295109776432483D-03 -0.100000000000000D+01
  0.297579299959576D-03 -0.100000000000000D+01
  0.300069488835423D-03 -0.100000000000000D+01
  0.302580515990809D-03 -0.100000000000000D+01
  0.305112555803628D-03 -0.100000000000000D+01
  0.307665784110996D-03 -0.100000000000000D+01
  0.310240378221460D-03 -0.100000000000000D+01
  0.312836516927313D-03 -0.100000000000000D+01
  0.315454380517008D-03 -0.100000000000000D+01
  0.318094150787681D-03 -0.100000000000001D+01
  0.320756011057771D-03 -0.100000000000001D+01
  0.323440146179756D-03 -0.100000000000001D+01
  0.326146742552987D-03 -0.100000000000001D+01
  0.328875988136633D-03 -0.100000000000001D+01
  0.331628072462735D-03 -0.100000000000001D+01
  0.334403186649365D-03 -0.100000000000001D+01
  0.337201523413903D-03 -0.100000000000001D+01
  0.340023277086413D-03 -0.100000000000001D+01
  0.342868643623147D-03 -0.100000000000001D+01
  0.345737820620147D-03 -0.100000000000001D+01
  0.348631007326967D-03 -0.100000000000001D+01
  0.351548404660515D-03 -0.100000000000001D+01
  0.354490215218999D-03 -0.100000000000001D+01
  0.357456643296002D-03 -0.100000000000001D+01
  0.360447894894666D-03 -0.100000000000001D+01
  0.363464177741999D-03 -0.100000000000001D+01
  0.366505701303298D-03 -0.100000000000001D+01
  0.369572676796701D-03 -0.100000000000001D+01
  0.372665317207850D-03 -0.100000000000001D+01
  0.375783837304682D-03 -0.100000000000001D+01
  0.378928453652346D-03 -0.100000000000001D+01
  0.382099384628241D-03 -0.100000000000001D+01
  0.385296850437182D-03 -0.100000000000001D+01
  0.388521073126690D-03 -0.100000000000001D+01
  0.391772276602415D-03 -0.100000000000001D+01
  0.395050686643682D-03 -0.100000000000001D+01
  0.398356530919173D-03 -0.100000000000001D+01
  0.401690039002735D-03 -0.100000000000001D+01
  0.405051442389325D-03 -0.100000000000001D+01
  0.408440974511085D-03 -0.100000000000001D+01
  0.411858870753552D-03 -0.100000000000001D+01
  0.415305368472005D-03 -0.100000000000001D+01
  0.418780707007949D-03 -0.100000000000002D+01
  0.422285127705733D-03 -0.100000000000002D+01
  0.425818873929316D-03 -0.100000000000002D+01
  0.429382191079160D-03 -0.100000000000002D+01
  0.432975326609278D-03 -0.100000000000002D+01
  0.436598530044413D-03 -0.100000000000002D+01
  0.440252052997373D-03 -0.100000000000002D+01
  0.443936149186496D-03 -0.100000000000002D+01
  0.447651074453276D-03 -0.100000000000002D+01
  0.451397086780128D-03 -0.100000000000002D+01
  0.455174446308303D-03 -0.100000000000002D+01
  0.458983415355951D-03 -0.100000000000002D+01
  0.462824258436343D-03 -0.100000000000002D+01
  0.466697242276238D-03 -0.100000000000002D+01
  0.470602635834401D-03 -0.100000000000002D+01
  0.474540710320289D-03 -0.100000000000002D+01
  0.478511739212879D-03 -0.100000000000003D+01
  0.482515998279663D-03 -0.100000000000003D+01
  0.486553765595795D-03 -0.100000000000003D+01
  0.490625321563407D-03 -0.100000000000003D+01
  0.494730948931078D-03 -0.100000000000003D+01
  0.498870932813468D-03 -0.100000000000003D+01
  0.503045560711122D-03 -0.100000000000003D+01
  0.507255122530433D-03 -0.100000000000003D+01
  0.511499910603775D-03 -0.100000000000003D+01
  0.515780219709803D-03 -0.100000000000003D+01
  0.520096347093925D-03 -0.100000000000004D+01
  0.524448592488944D-03 -0.100000000000004D+01
  0.528837258135873D-03 -0.100000000000004D+01
  0.533262648804923D-03 -0.100000000000004D+01
  0.537725071816669D-03 -0.100000000000004D+01
  0.542224837063391D-03 -0.100000000000004D+01
  0.546762257030596D-03 -0.100000000000004D+01
  0.551337646818715D-03 -0.100000000000005D+01
  0.555951324164990D-03 -0.100000000000005D+01
  0.560603609465534D-03 -0.100000000000005D+01
  0.565294825797586D-03 -0.100000000000005D+01
  0.570025298941942D-03 -0.100000000000005D+01
  0.574795357405584D-03 -0.100000000000005D+01
  0.579605332444488D-03 -0.100000000000006D+01
  0.584455558086631D-03 -0.100000000000006D+01
  0.589346371155188D-03 -0.100000000000006D+01
  0.594278111291921D-03 -0.100000000000006D+01
  0.599251120980766D-03 -0.100000000000006D+01
  0.604265745571617D-03 -0.100000000000007D+01
  0.609322333304306D-03 -0.100000000000007D+01
  0.614421235332794D-03 -0.100000000000007D+01
  0.619562805749546D-03 -0.100000000000007D+01
  0.624747401610131D-03 -0.100000000000007D+01
  0.629975382958012D-03 -0.100000000000008D+01
  0.635247112849549D-03 -0.100000000000008D+01
  0.640562957379215D-03 -0.100000000000008D+01
  0.645923285705017D-03 -0.100000000000009D+01
  0.651328470074131D-03 -0.100000000000009D+01
  0.656778885848755D-03 -0.100000000000009D+01
  0.662274911532175D-03 -0.100000000000009D+01
  0.667816928795049D-03 -0.100000000000010D+01
  0.673405322501916D-03 -0.100000000000010D+01
  0.679040480737917D-03 -0.100000000000010D+01
  0.684722794835750D-03 -0.100000000000011D+01
  0.690452659402844D-03 -0.100000000000011D+01
  0.696230472348764D-03 -0.100000000000012D+01
  0.702056634912841D-03 -0.100000000000012D+01
  0.707931551692040D-03 -0.100000000000012D+01
  0.713855630669053D-03 -0.100000000000013D+01
  0.719829283240634D-03 -0.100000000000013D+01
  0.725852924246169D-03 -0.100000000000014D+01
  0.731926971996482D-03 -0.100000000000014D+01
  0.738051848302884D-03 -0.100000000000015D+01
  0.744227978506470D-03 -0.100000000000015D+01
  0.750455791507653D-03 -0.100000000000016D+01
  0.756735719795949D-03 -0.100000000000016D+01
  0.763068199480014D-03 -0.100000000000017D+01
  0.769453670317925D-03 -0.100000000000017D+01
  0.775892575747724D-03 -0.100000000000018D+01
  0.782385362918209D-03 -0.100000000000018D+01
  0.788932482719988D-03 -0.100000000000019D+01
  0.795534389816788D-03 -0.100000000000020D+01
  0.802191542677033D-03 -0.100000000000020D+01
  0.808904403605681D-03 -0.100000000000021D+01
  0.815673438776328D-03 -0.100000000000022D+01
  0.822499118263580D-03 -0.100000000000022D+01
  0.829381916075700D-03 -0.100000000000023D+01
  0.836322310187526D-03 -0.100000000000024D+01
  0.843320782573659D-03 -0.100000000000025D+01
  0.850377819241938D-03 -0.100000000000026D+01
  0.857493910267192D-03 -0.100000000000027D+01
  0.864669549825267D-03 -0.100000000000027D+01
  0.871905236227349D-03 -0.100000000000028D+01
  0.879201471954570D-03 -0.100000000000029D+01
  0.886558763692897D-03 -0.100000000000030D+01
  0.893977622368325D-03 -0.100000000000031D+01
  0.901458563182355D-03 -0.100000000000032D+01
  0.909002105647771D-03 -0.100000000000033D+01
  0.916608773624722D-03 -0.100000000000035D+01
  0.924279095357095D-03 -0.100000000000036D+01
  0.932013603509205D-03 -0.100000000000037D+01
  0.939812835202781D-03 -0.100000000000038D+01
  0.947677332054270D-03 -0.100000000000040D+01
  0.955607640212447D-03 -0.100000000000041D+01
  0.963604310396344D-03 -0.100000000000042D+01
  0.971667897933493D-03 -0.100000000000044D+01
  0.979798962798490D-03 -0.100000000000045D+01
  0.987998069651887D-03 -0.100000000000047D+01
  0.996265787879398D-03 -0.100000000000048D+01
  0.100460269163144D-02 -0.100000000000050D+01
  0.101300935986303D-02 -0.100000000000052D+01
  0.102148637637393D-02 -0.100000000000053D+01
  0.103003432984926D-02 -0.100000000000055D+01
  0.103865381390033D-02 -0.100000000000057D+01
  0.104734542710590D-02 -0.100000000000059D+01
  0.105610977305369D-02 -0.100000000000061D+01
  0.106494746038238D-02 -0.100000000000063D+01
  0.107385910282379D-02 -0.100000000000065D+01
  0.108284531924558D-02 -0.100000000000067D+01
  0.109190673369414D-02 -0.100000000000070D+01
  0.110104397543803D-02 -0.100000000000072D+01
  0.111025767901159D-02 -0.100000000000074D+01
  0.111954848425905D-02 -0.100000000000077D+01
  0.112891703637894D-02 -0.100000000000080D+01
  0.113836398596894D-02 -0.100000000000082D+01
  0.114788998907101D-02 -0.100000000000085D+01
  0.115749570721696D-02 -0.100000000000088D+01
  0.116718180747442D-02 -0.100000000000091D+01
  0.117694896249312D-02 -0.100000000000094D+01
  0.118679785055166D-02 -0.100000000000097D+01
  0.119672915560455D-02 -0.100000000000101D+01
  0.120674356732974D-02 -0.100000000000104D+01
  0.121684178117651D-02 -0.100000000000107D+01
  0.122702449841378D-02 -0.100000000000111D+01
  0.123729242617877D-02 -0.100000000000115D+01
  0.124764627752616D-02 -0.100000000000119D+01
  0.125808677147755D-02 -0.100000000000123D+01
  0.126861463307145D-02 -0.100000000000127D+01
  0.127923059341359D-02 -0.100000000000131D+01
  0.128993538972769D-02 -0.100000000000136D+01
  0.130072976540671D-02 -0.100000000000140D+01
  0.131161447006439D-02 -0.100000000000145D+01
  0.132259025958738D-02 -0.100000000000150D+01
  0.133365789618769D-02 -0.100000000000155D+01
  0.134481814845565D-02 -0.100000000000160D+01
  0.135607179141327D-02 -0.100000000000166D+01
  0.136741960656804D-02 -0.100000000000171D+01
  0.137886238196725D-02 -0.100000000000177D+01
  0.139040091225267D-02 -0.100000000000183D+01
  0.140203599871577D-02 -0.100000000000189D+01
  0.141376844935335D-02 -0.100000000000196D+01
  0.142559907892362D-02 -0.100000000000202D+01
  0.143752870900285D-02 -0.100000000000209D+01
  0.144955816804236D-02 -0.100000000000216D+01
  0.146168829142609D-02 -0.100000000000224D+01
  0.147391992152859D-02 -0.100000000000231D+01
  0.148625390777353D-02 -0.100000000000239D+01
  0.149869110669269D-02 -0.100000000000247D+01
  0.151123238198544D-02 -0.100000000000256D+01
  0.152387860457872D-02 -0.100000000000264D+01
  0.153663065268750D-02 -0.100000000000273D+01
  0.154948941187582D-02 -0.100000000000283D+01
  0.156245577511823D-02 -0.100000000000292D+01
  0.157553064286182D-02 -0.100000000000302D+01
  0.158871492308878D-02 -0.100000000000312D+01
  0.160200953137943D-02 -0.100000000000323D+01
  0.161541539097580D-02 -0.100000000000334D+01
  0.162893343284574D-02 -0.100000000000345D+01
  0.164256459574759D-02 -0.100000000000357D+01
  0.165630982629537D-02 -0.100000000000369D+01
  0.167017007902450D-02 -0.100000000000381D+01
  0.168414631645810D-02 -0.100000000000394D+01
  0.169823950917383D-02 -0.100000000000408D+01
  0.171245063587130D-02 -0.100000000000422D+01
  0.172678068344001D-02 -0.100000000000436D+01
  0.174123064702791D-02 -0.100000000000451D+01
  0.175580153011051D-02 -0.100000000000466D+01
  0.177049434456055D-02 -0.100000000000482D+01
  0.178531011071825D-02 -0.100000000000498D+01
  0.180024985746224D-02 -0.100000000000515D+01
  0.181531462228092D-02 -0.100000000000532D+01
  0.183050545134457D-02 -0.100000000000550D+01
  0.184582339957798D-02 -0.100000000000569D+01
  0.186126953073372D-02 -0.100000000000588D+01
  0.187684491746598D-02 -0.100000000000608D+01
  0.189255064140511D-02 -0.100000000000629D+01
  0.190838779323269D-02 -0.100000000000650D+01
  0.192435747275729D-02 -0.100000000000672D+01
  0.194046078899086D-02 -0.100000000000695D+01
  0.195669886022572D-02 -0.100000000000719D+01
  0.197307281411223D-02 -0.100000000000743D+01
  0.198958378773710D-02 -0.100000000000768D+01
  0.200623292770235D-02 -0.100000000000794D+01
  0.202302139020496D-02 -0.100000000000821D+01
  0.203995034111711D-02 -0.100000000000849D+01
  0.205702095606721D-02 -0.100000000000878D+01
  0.207423442052149D-02 -0.100000000000907D+01
  0.209159192986634D-02 -0.100000000000938D+01
  0.210909468949133D-02 -0.100000000000970D+01
  0.212674391487291D-02 -0.100000000001003D+01
  0.214454083165883D-02 -0.100000000001037D+01
  0.216248667575324D-02 -0.100000000001072D+01
  0.218058269340252D-02 -0.100000000001108D+01
  0.219883014128183D-02 -0.100000000001146D+01
  0.221723028658240D-02 -0.100000000001185D+01
  0.223578440709948D-02 -0.100000000001225D+01
  0.225449379132113D-02 -0.100000000001266D+01
  0.227335973851765D-02 -0.100000000001309D+01
  0.229238355883185D-02 -0.100000000001354D+01
  0.231156657337000D-02 -0.100000000001400D+01
  0.233091011429361D-02 -0.100000000001447D+01
  0.235041552491189D-02 -0.100000000001496D+01
  0.237008415977510D-02 -0.100000000001547D+01
  0.238991738476856D-02 -0.100000000001599D+01
  0.240991657720753D-02 -0.100000000001653D+01
  0.243008312593285D-02 -0.100000000001709D+01
  0.245041843140740D-02 -0.100000000001767D+01
  0.247092390581336D-02 -0.100000000001827D+01
  0.249160097315022D-02 -0.100000000001889D+01
  0.251245106933377D-02 -0.100000000001953D+01
  0.253347564229571D-02 -0.100000000002019D+01
  0.255467615208430D-02 -0.100000000002088D+01
  0.257605407096568D-02 -0.100000000002159D+01
  0.259761088352613D-02 -0.100000000002232D+01
  0.261934808677520D-02 -0.100000000002307D+01
  0.264126719024962D-02 -0.100000000002386D+01
  0.266336971611817D-02 -0.100000000002467D+01
  0.268565719928735D-02 -0.100000000002550D+01
  0.270813118750801D-02 -0.100000000002637D+01
  0.273079324148281D-02 -0.100000000002726D+01
  0.275364493497461D-02 -0.100000000002818D+01
  0.277668785491574D-02 -0.100000000002914D+01
  0.279992360151825D-02 -0.100000000003013D+01
  0.282335378838497D-02 -0.100000000003115D+01
  0.284698004262165D-02 -0.100000000003220D+01
  0.287080400494987D-02 -0.100000000003329D+01
  0.289482732982104D-02 -0.100000000003442D+01
  0.291905168553126D-02 -0.100000000003559D+01
  0.294347875433719D-02 -0.100000000003680D+01
  0.296811023257287D-02 -0.100000000003804D+01
  0.299294783076752D-02 -0.100000000003933D+01
  0.301799327376433D-02 -0.100000000004067D+01
  0.304324830084025D-02 -0.100000000004205D+01
  0.306871466582673D-02 -0.100000000004347D+01
  0.309439413723159D-02 -0.100000000004494D+01
  0.312028849836178D-02 -0.100000000004647D+01
  0.314639954744722D-02 -0.100000000004804D+01
  0.317272909776570D-02 -0.100000000004967D+01
  0.319927897776880D-02 -0.100000000005135D+01
  0.322605103120885D-02 -0.100000000005309D+01
  0.325304711726700D-02 -0.100000000005489D+01
  0.328026911068229D-02 -0.100000000005675D+01
  0.330771890188186D-02 -0.100000000005868D+01
  0.333539839711226D-02 -0.100000000006067D+01
  0.336330951857177D-02 -0.100000000006272D+01
  0.339145420454393D-02 -0.100000000006485D+01
  0.341983440953214D-02 -0.100000000006705D+01
  0.344845210439537D-02 -0.100000000006932D+01
  0.347730927648504D-02 -0.100000000007167D+01
  0.350640792978304D-02 -0.100000000007410D+01
  0.353575008504086D-02 -0.100000000007661D+01
  0.356533777991998D-02 -0.100000000007921D+01
  0.359517306913331D-02 -0.100000000008189D+01
  0.362525802458793D-02 -0.100000000008467D+01
  0.365559473552895D-02 -0.100000000008754D+01
  0.368618530868460D-02 -0.100000000009051D+01
  0.371703186841253D-02 -0.100000000009357D+01
  0.374813655684734D-02 -0.100000000009674D+01
  0.377950153404933D-02 -0.100000000010002D+01
  0.381112897815454D-02 -0.100000000010341D+01
  0.384302108552594D-02 -0.100000000010692D+01
  0.387518007090605D-02 -0.100000000011054D+01
  0.390760816757066D-02 -0.100000000011429D+01
  0.394030762748396D-02 -0.100000000011816D+01
  0.397328072145491D-02 -0.100000000012217D+01
  0.400652973929496D-02 -0.100000000012631D+01
  0.404005698997704D-02 -0.100000000013059D+01
  0.407386480179593D-02 -0.100000000013502D+01
  0.410795552252992D-02 -0.100000000013959D+01
  0.414233151960387D-02 -0.100000000014433D+01
  0.417699518025362D-02 -0.100000000014922D+01
  0.421194891169175D-02 -0.100000000015428D+01
  0.424719514127478D-02 -0.100000000015950D+01
  0.428273631667170D-02 -0.100000000016491D+01
  0.431857490603397D-02 -0.100000000017050D+01
  0.435471339816692D-02 -0.100000000017628D+01
  0.439115430270259D-02 -0.100000000018225D+01
  0.442790015027399D-02 -0.100000000018843D+01
  0.446495349269086D-02 -0.100000000019482D+01
  0.450231690311687D-02 -0.100000000020142D+01
  0.453999297624832D-02 -0.100000000020825D+01
  0.457798432849430D-02 -0.100000000021531D+01
  0.461629359815845D-02 -0.100000000022261D+01
  0.465492344562210D-02 -0.100000000023015D+01
  0.469387655352908D-02 -0.100000000023795D+01
  0.473315562697198D-02 -0.100000000024602D+01
  0.477276339368002D-02 -0.100000000025436D+01
  0.481270260420846D-02 -0.100000000026298D+01
  0.485297603212965D-02 -0.100000000027189D+01
  0.489358647422561D-02 -0.100000000028111D+01
  0.493453675068223D-02 -0.100000000029064D+01
  0.497582970528518D-02 -0.100000000030049D+01
  0.501746820561734D-02 -0.100000000031067D+01
  0.505945514325798D-02 -0.100000000032120D+01
  0.510179343398351D-02 -0.100000000033209D+01
  0.514448601797004D-02 -0.100000000034335D+01
  0.518753585999749D-02 -0.100000000035498D+01
  0.523094594965554D-02 -0.100000000036702D+01
  0.527471930155119D-02 -0.100000000037946D+01
  0.531885895551813D-02 -0.100000000039232D+01
  0.536336797682785D-02 -0.100000000040561D+01
  0.540824945640249D-02 -0.100000000041936D+01
  0.545350651102951D-02 -0.100000000043358D+01
  0.549914228357811D-02 -0.100000000044827D+01
  0.554515994321750D-02 -0.100000000046347D+01
  0.559156268563698D-02 -0.100000000047918D+01
  0.563835373326787D-02 -0.100000000049542D+01
  0.568553633550728D-02 -0.100000000051221D+01
  0.573311376894378D-02 -0.100000000052957D+01
  0.578108933758491D-02 -0.100000000054752D+01
  0.582946637308667D-02 -0.100000000056608D+01
  0.587824823498485D-02 -0.100000000058527D+01
  0.592743831092836D-02 -0.100000000060511D+01
  0.597704001691446D-02 -0.100000000062562D+01
  0.602705679752601D-02 -0.100000000064682D+01
  0.607749212617063D-02 -0.100000000066875D+01
  0.612834950532199D-02 -0.100000000069141D+01
  0.617963246676296D-02 -0.100000000071485D+01
  0.623134457183091D-02 -0.100000000073908D+01
  0.628348941166504D-02 -0.100000000076413D+01
  0.633607060745574D-02 -0.100000000079003D+01
  0.638909181069606D-02 -0.100000000081681D+01
  0.644255670343531D-02 -0.100000000084449D+01
  0.649646899853477D-02 -0.100000000087312D+01
  0.655083243992547D-02 -0.100000000090271D+01
  0.660565080286825D-02 -0.100000000093331D+01
  0.666092789421589D-02 -0.100000000096494D+01
  0.671666755267752D-02 -0.100000000099765D+01
  0.677287364908515D-02 -0.100000000103147D+01
  0.682955008666250D-02 -0.100000000106643D+01
  0.688670080129607D-02 -0.100000000110257D+01
  0.694432976180847D-02 -0.100000000113995D+01
  0.700244097023398D-02 -0.100000000117858D+01
  0.706103846209657D-02 -0.100000000121853D+01
  0.712012630669003D-02 -0.100000000125983D+01
  0.717970860736066D-02 -0.100000000130254D+01
  0.723978950179217D-02 -0.100000000134669D+01
  0.730037316229304D-02 -0.100000000139233D+01
  0.736146379608627D-02 -0.100000000143952D+01
  0.742306564560153D-02 -0.100000000148832D+01
  0.748518298876980D-02 -0.100000000153876D+01
  0.754782013932041D-02 -0.100000000159092D+01
  0.761098144708068D-02 -0.100000000164484D+01
  0.767467129827791D-02 -0.100000000170060D+01
  0.773889411584402D-02 -0.100000000175824D+01
  0.780365435972272D-02 -0.100000000181783D+01
  0.786895652717919D-02 -0.100000000187945D+01
  0.793480515311241D-02 -0.100000000194315D+01
  0.800120481037009D-02 -0.100000000200902D+01
  0.806816011006622D-02 -0.100000000207711D+01
  0.813567570190131D-02 -0.100000000214752D+01
  0.820375627448525D-02 -0.100000000222031D+01
  0.827240655566294D-02 -0.100000000229556D+01
  0.834163131284261D-02 -0.100000000237337D+01
  0.841143535332688D-02 -0.100000000245382D+01
  0.848182352464662D-02 -0.100000000253699D+01
  0.855280071489757D-02 -0.100000000262298D+01
  0.862437185307979D-02 -0.100000000271189D+01
  0.869654190943999D-02 -0.100000000280381D+01
  0.876931589581662D-02 -0.100000000289884D+01
  0.884269886598800D-02 -0.100000000299710D+01
  0.891669591602321D-02 -0.100000000309868D+01
  0.899131218463601D-02 -0.100000000320371D+01
  0.906655285354172D-02 -0.100000000331230D+01
  0.914242314781702D-02 -0.100000000342457D+01
  0.921892833626284D-02 -0.100000000354065D+01
  0.929607373177023D-02 -0.100000000366066D+01
  0.937386469168934D-02 -0.100000000378474D+01
  0.945230661820141D-02 -0.100000000391302D+01
  0.953140495869397D-02 -0.100000000404565D+01
  0.961116520613914D-02 -0.100000000418278D+01
  0.969159289947503D-02 -0.100000000432455D+01
  0.977269362399045D-02 -0.100000000447114D+01
  0.985447301171275D-02 -0.100000000462268D+01
  0.993693674179894D-02 -0.100000000477937D+01
  0.100200905409301D-01 -0.100000000494137D+01
  0.101039401837090D-01 -0.100000000510885D+01
  0.101884914930612D-01 -0.100000000528202D+01
  0.102737503406394D-01 -0.100000000546105D+01
  0.103597226472312D-01 -0.100000000564615D+01
  0.104464143831702D-01 -0.100000000583753D+01
  0.105338315687506D-01 -0.100000000603539D+01
  0.106219802746455D-01 -0.100000000623996D+01
  0.107108666223283D-01 -0.100000000645146D+01
  0.108004967844976D-01 -0.100000000667014D+01
  0.108908769855063D-01 -0.100000000689622D+01
  0.109820135017936D-01 -0.100000000712997D+01
  0.110739126623208D-01 -0.100000000737164D+01
  0.111665808490111D-01 -0.100000000762150D+01
  0.112600244971924D-01 -0.100000000787983D+01
  0.113542500960445D-01 -0.100000000814691D+01
  0.114492641890496D-01 -0.100000000842305D+01
  0.115450733744468D-01 -0.100000000870855D+01
  0.116416843056903D-01 -0.100000000900373D+01
  0.117391036919114D-01 -0.100000000930891D+01
  0.118373382983843D-01 -0.100000000962443D+01
  0.119363949469962D-01 -0.100000000995065D+01
  0.120362805167209D-01 -0.100000001028792D+01
  0.121370019440964D-01 -0.100000001063663D+01
  0.122385662237066D-01 -0.100000001099716D+01
  0.123409804086675D-01 -0.100000001136991D+01
  0.124442516111164D-01 -0.100000001175529D+01
  0.125483870027060D-01 -0.100000001215373D+01
  0.126533938151026D-01 -0.100000001256568D+01
  0.127592793404881D-01 -0.100000001299159D+01
  0.128660509320667D-01 -0.100000001343194D+01
  0.129737160045750D-01 -0.100000001388721D+01
  0.130822820347974D-01 -0.100000001435792D+01
  0.131917565620854D-01 -0.100000001484458D+01
  0.133021471888805D-01 -0.100000001534773D+01
  0.134134615812429D-01 -0.100000001586794D+01
  0.135257074693835D-01 -0.100000001640578D+01
  0.136388926482007D-01 -0.100000001696185D+01
  0.137530249778219D-01 -0.100000001753677D+01
  0.138681123841491D-01 -0.100000001813118D+01
  0.139841628594096D-01 -0.100000001874573D+01
  0.141011844627109D-01 -0.100000001938111D+01
  0.142191853206002D-01 -0.100000002003803D+01
  0.143381736276288D-01 -0.100000002071721D+01
  0.144581576469216D-01 -0.100000002141942D+01
  0.145791457107503D-01 -0.100000002214542D+01
  0.147011462211125D-01 -0.100000002289604D+01
  0.148241676503147D-01 -0.100000002367209D+01
  0.149482185415612D-01 -0.100000002447445D+01
  0.150733075095472D-01 -0.100000002530401D+01
  0.151994432410567D-01 -0.100000002616168D+01
  0.153266344955663D-01 -0.100000002704842D+01
  0.154548901058531D-01 -0.100000002796522D+01
  0.155842189786083D-01 -0.100000002891309D+01
  0.157146300950555D-01 -0.100000002989309D+01
  0.158461325115746D-01 -0.100000003090631D+01
  0.159787353603308D-01 -0.100000003195387D+01
  0.161124478499086D-01 -0.100000003303694D+01
  0.162472792659512D-01 -0.100000003415671D+01
  0.163832389718056D-01 -0.100000003531444D+01
  0.165203364091726D-01 -0.100000003651141D+01
  0.166585810987628D-01 -0.100000003774896D+01
  0.167979826409574D-01 -0.100000003902844D+01
  0.169385507164749D-01 -0.100000004035130D+01
  0.170802950870440D-01 -0.100000004171899D+01
  0.172232255960805D-01 -0.100000004313304D+01
  0.173673521693716D-01 -0.100000004459502D+01
  0.175126848157653D-01 -0.100000004610655D+01
  0.176592336278647D-01 -0.100000004766931D+01
  0.178070087827295D-01 -0.100000004928504D+01
  0.179560205425827D-01 -0.100000005095554D+01
  0.181062792555231D-01 -0.100000005268265D+01
  0.182577953562439D-01 -0.100000005446831D+01
  0.184105793667573D-01 -0.100000005631449D+01
  0.185646418971256D-01 -0.100000005822324D+01
  0.187199936461975D-01 -0.100000006019669D+01
  0.188766454023514D-01 -0.100000006223703D+01
  0.190346080442442D-01 -0.100000006434652D+01
  0.191938925415676D-01 -0.100000006652751D+01
  0.193545099558088D-01 -0.100000006878243D+01
  0.195164714410195D-01 -0.100000007111377D+01
  0.196797882445903D-01 -0.100000007352414D+01
  0.198444717080313D-01 -0.100000007601620D+01
  0.200105332677605D-01 -0.100000007859272D+01
  0.201779844558973D-01 -0.100000008125658D+01
  0.203468369010638D-01 -0.100000008401072D+01
  0.205171023291920D-01 -0.100000008685822D+01
  0.206887925643384D-01 -0.100000008980222D+01
  0.208619195295051D-01 -0.100000009284602D+01
  0.210364952474675D-01 -0.100000009599297D+01
  0.212125318416096D-01 -0.100000009924659D+01
  0.213900415367655D-01 -0.100000010261049D+01
  0.215690366600687D-01 -0.100000010608841D+01
  0.217495296418082D-01 -0.100000010968420D+01
  0.219315330162912D-01 -0.100000011340187D+01
  0.221150594227142D-01 -0.100000011724555D+01
  0.223001216060402D-01 -0.100000012121950D+01
  0.224867324178841D-01 -0.100000012532815D+01
  0.226749048174051D-01 -0.100000012957605D+01
  0.228646518722065D-01 -0.100000013396793D+01
  0.230559867592434D-01 -0.100000013850867D+01
  0.232489227657377D-01 -0.100000014320331D+01
  0.234434732901006D-01 -0.100000014805707D+01
  0.236396518428633D-01 -0.100000015307535D+01
  0.238374720476155D-01 -0.100000015826371D+01
  0.240369476419507D-01 -0.100000016362792D+01
  0.242380924784210D-01 -0.100000016917395D+01
  0.244409205254986D-01 -0.100000017490795D+01
  0.246454458685461D-01 -0.100000018083629D+01
  0.248516827107944D-01 -0.100000018696557D+01
  0.250596453743296D-01 -0.100000019330260D+01
  0.252693483010866D-01 -0.100000019985440D+01
  0.254808060538531D-01 -0.100000020662827D+01
  0.256940333172802D-01 -0.100000021363173D+01
  0.259090448989024D-01 -0.100000022087256D+01
  0.261258557301660D-01 -0.100000022835881D+01
  0.263444808674658D-01 -0.100000023609880D+01
  0.265649354931909D-01 -0.100000024410111D+01
  0.267872349167790D-01 -0.100000025237465D+01
  0.270113945757792D-01 -0.100000026092861D+01
  0.272374300369247D-01 -0.100000026977249D+01
  0.274653569972134D-01 -0.100000027891612D+01
  0.276951912849980D-01 -0.100000028836966D+01
  0.279269488610852D-01 -0.100000029814360D+01
  0.281606458198443D-01 -0.100000030824882D+01
  0.283962983903248D-01 -0.100000031869653D+01
  0.286339229373831D-01 -0.100000032949835D+01
  0.288735359628195D-01 -0.100000034066627D+01
  0.291151541065235D-01 -0.100000035221271D+01
  0.293587941476302D-01 -0.100000036415049D+01
  0.296044730056847D-01 -0.100000037649288D+01
  0.298522077418175D-01 -0.100000038925359D+01
  0.301020155599293D-01 -0.100000040244679D+01
  0.303539138078858D-01 -0.100000041608715D+01
  0.306079199787219D-01 -0.100000043018982D+01
  0.308640517118572D-01 -0.100000044477047D+01
  0.311223267943205D-01 -0.100000045984529D+01
  0.313827631619853D-01 -0.100000047543104D+01
  0.316453789008151D-01 -0.100000049154503D+01
  0.319101922481194D-01 -0.100000050820517D+01
  0.321772215938206D-01 -0.100000052542996D+01
  0.324464854817304D-01 -0.100000054323854D+01
  0.327180026108383D-01 -0.100000056165070D+01
  0.329917918366094D-01 -0.100000058068689D+01
  0.332678721722946D-01 -0.100000060036827D+01
  0.335462627902502D-01 -0.100000062071669D+01
  0.338269830232700D-01 -0.100000064175476D+01
  0.341100523659275D-01 -0.100000066350586D+01
  0.343954904759296D-01 -0.100000068599415D+01
  0.346833171754819D-01 -0.100000070924462D+01
  0.349735524526655D-01 -0.100000073328310D+01
  0.352662164628246D-01 -0.100000075813628D+01
  0.355613295299663D-01 -0.100000078383179D+01
  0.358589121481722D-01 -0.100000081039817D+01
  0.361589849830216D-01 -0.100000083786494D+01
  0.364615688730263D-01 -0.100000086626260D+01
  0.367666848310781D-01 -0.100000089562271D+01
  0.370743540459078D-01 -0.100000092597789D+01
  0.373845978835567D-01 -0.100000095736185D+01
  0.376974378888605D-01 -0.100000098980946D+01
  0.380128957869453D-01 -0.100000102335677D+01
  0.383309934847363D-01 -0.100000105804104D+01
  0.386517530724792D-01 -0.100000109390082D+01
  0.389751968252744D-01 -0.100000113097593D+01
  0.393013472046235D-01 -0.100000116930757D+01
  0.396302268599895D-01 -0.100000120893831D+01
  0.399618586303695D-01 -0.100000124991218D+01
  0.402962655458809D-01 -0.100000129227470D+01
  0.406334708293606D-01 -0.100000133607293D+01
  0.409734978979775D-01 -0.100000138135552D+01
  0.413163703648593D-01 -0.100000142817277D+01
  0.416621120407317D-01 -0.100000147657670D+01
  0.420107469355723D-01 -0.100000152662108D+01
  0.423622992602777D-01 -0.100000157836149D+01
  0.427167934283451D-01 -0.100000163185541D+01
  0.430742540575676D-01 -0.100000168716227D+01
  0.434347059717435D-01 -0.100000174434351D+01
  0.437981742024008D-01 -0.100000180346263D+01
  0.441646839905347D-01 -0.100000186458532D+01
  0.445342607883613D-01 -0.100000192777946D+01
  0.449069302610845D-01 -0.100000199311526D+01
  0.452827182886784D-01 -0.100000206066529D+01
  0.456616509676851D-01 -0.100000213050459D+01
  0.460437546130260D-01 -0.100000220271073D+01
  0.464290557598301D-01 -0.100000227736392D+01
  0.468175811652764D-01 -0.100000235454708D+01
  0.472093578104519D-01 -0.100000243434595D+01
  0.476044129022256D-01 -0.100000251684915D+01
  0.480027738751376D-01 -0.100000260214834D+01
  0.484044683933044D-01 -0.100000269033826D+01
  0.488095243523402D-01 -0.100000278151686D+01
  0.492179698812936D-01 -0.100000287578543D+01
  0.496298333446018D-01 -0.100000297324866D+01
  0.500451433440597D-01 -0.100000307401481D+01
  0.504639287208063D-01 -0.100000317819580D+01
  0.508862185573278D-01 -0.100000328590735D+01
  0.513120421794769D-01 -0.100000339726909D+01
  0.517414291585097D-01 -0.100000351240470D+01
  0.521744093131389D-01 -0.100000363144207D+01
  0.526110127116049D-01 -0.100000375451341D+01
  0.530512696737636D-01 -0.100000388175541D+01
  0.534952107731919D-01 -0.100000401330938D+01
  0.539428668393115D-01 -0.100000414932144D+01
  0.543942689595289D-01 -0.100000428994264D+01
  0.548494484813950D-01 -0.100000443532916D+01
  0.553084370147819D-01 -0.100000458564247D+01
  0.557712664340776D-01 -0.100000474104950D+01
  0.562379688804000D-01 -0.100000490172286D+01
  0.567085767638289D-01 -0.100000506784097D+01
  0.571831227656563D-01 -0.100000523958832D+01
  0.576616398406564D-01 -0.100000541715566D+01
  0.581441612193740D-01 -0.100000560074016D+01
  0.586307204104321D-01 -0.100000579054572D+01
  0.591213512028588D-01 -0.100000598678311D+01
  0.596160876684343D-01 -0.100000618967025D+01
  0.601149641640563D-01 -0.100000639943246D+01
  0.606180153341263D-01 -0.100000661630267D+01
  0.611252761129556D-01 -0.100000684052171D+01
  0.616367817271911D-01 -0.100000707233856D+01
  0.621525676982614D-01 -0.100000731201065D+01
  0.626726698448441D-01 -0.100000755980412D+01
  0.631971242853528D-01 -0.100000781599411D+01
  0.637259674404456D-01 -0.100000808086512D+01
  0.642592360355541D-01 -0.100000835471124D+01
  0.647969671034339D-01 -0.100000863783655D+01
  0.653391979867363D-01 -0.100000893055543D+01
  0.658859663406019D-01 -0.100000923319290D+01
  0.664373101352748D-01 -0.100000954608498D+01
  0.669932676587401D-01 -0.100000986957909D+01
  0.675538775193827D-01 -0.100001020403441D+01
  0.681191786486681D-01 -0.100001054982228D+01
  0.686892103038464D-01 -0.100001090732663D+01
  0.692640120706784D-01 -0.100001127694437D+01
  0.698436238661843D-01 -0.100001165908588D+01
  0.704280859414162D-01 -0.100001205417541D+01
  0.710174388842531D-01 -0.100001246265161D+01
  0.716117236222196D-01 -0.100001288496797D+01
  0.722109814253280D-01 -0.100001332159333D+01
  0.728152539089442D-01 -0.100001377301241D+01
  0.734245830366782D-01 -0.100001423972637D+01
  0.740390111232974D-01 -0.100001472225331D+01
  0.746585808376660D-01 -0.100001522112888D+01
  0.752833352057076D-01 -0.100001573690690D+01
  0.759133176133932D-01 -0.100001627015991D+01
  0.765485718097544D-01 -0.100001682147985D+01
  0.771891419099211D-01 -0.100001739147871D+01
  0.778350723981855D-01 -0.100001798078919D+01
  0.784864081310912D-01 -0.100001859006542D+01
  0.791431943405480D-01 -0.100001921998369D+01
  0.798054766369733D-01 -0.100001987124319D+01
  0.804733010124593D-01 -0.100002054456675D+01
  0.811467138439673D-01 -0.100002124070172D+01
  0.818257618965477D-01 -0.100002196042073D+01
  0.825104923265884D-01 -0.100002270452257D+01
  0.832009526850886D-01 -0.100002347383309D+01
  0.838971909209621D-01 -0.100002426920607D+01
  0.845992553843659D-01 -0.100002509152423D+01
  0.853071948300590D-01 -0.100002594170016D+01
  0.860210584207872D-01 -0.100002682067733D+01
  0.867408957306981D-01 -0.100002772943119D+01
  0.874667567487829D-01 -0.100002866897017D+01
  0.881986918823484D-01 -0.100002964033686D+01
  0.889367519605176D-01 -0.100003064460915D+01
  0.896809882377592D-01 -0.100003168290140D+01
  0.904314523974471D-01 -0.100003275636570D+01
  0.911881965554494D-01 -0.100003386619314D+01
  0.919512732637480D-01 -0.100003501361513D+01
  0.927207355140876D-01 -0.100003619990476D+01
  0.934966367416559D-01 -0.100003742637819D+01
  0.942790308287945D-01 -0.100003869439617D+01
  0.950679721087404D-01 -0.100004000536546D+01
  0.958635153693997D-01 -0.100004136074047D+01
  0.966657158571518D-01 -0.100004276202482D+01
  0.974746292806862D-01 -0.100004421077300D+01
  0.982903118148715D-01 -0.100004570859214D+01
  0.991128201046558D-01 -0.100004725714374D+01
  0.999422112690008D-01 -0.100004885814552D+01
  0.100778542904849D+00 -0.100005051337334D+01
  0.101621873091121D+00 -0.100005222466316D+01
  0.102472260392754D+00 -0.100005399391305D+01
  0.103329763864761D+00 -0.100005582308531D+01
  0.104194443056341D+00 -0.100005771420864D+01
  0.105066358015007D+00 -0.100005966938038D+01
  0.105945569290758D+00 -0.100006169076885D+01
  0.106832137940288D+00 -0.100006378061569D+01
  0.107726125531219D+00 -0.100006594123842D+01
  0.108627594146383D+00 -0.100006817503295D+01
  0.109536606388129D+00 -0.100007048447625D+01
  0.110453225382672D+00 -0.100007287212907D+01
  0.111377514784478D+00 -0.100007534063879D+01
  0.112309538780681D+00 -0.100007789274236D+01
  0.113249362095546D+00 -0.100008053126930D+01
  0.114197049994958D+00 -0.100008325914482D+01
  0.115152668290957D+00 -0.100008607939310D+01
  0.116116283346310D+00 -0.100008899514059D+01
  0.117087962079115D+00 -0.100009200961948D+01
  0.118067771967453D+00 -0.100009512617129D+01
  0.119055781054070D+00 -0.100009834825052D+01
  0.120052057951107D+00 -0.100010167942852D+01
  0.121056671844859D+00 -0.100010512339738D+01
  0.122069692500584D+00 -0.100010868397407D+01
  0.123091190267345D+00 -0.100011236510461D+01
  0.124121236082898D+00 -0.100011617086843D+01
  0.125159901478616D+00 -0.100012010548293D+01
  0.126207258584459D+00 -0.100012417330807D+01
  0.127263380133978D+00 -0.100012837885122D+01
  0.128328339469373D+00 -0.100013272677212D+01
  0.129402210546582D+00 -0.100013722188806D+01
  0.130485067940416D+00 -0.100014186917914D+01
  0.131576986849740D+00 -0.100014667379384D+01
  0.132678043102696D+00 -0.100015164105464D+01
  0.133788313161966D+00 -0.100015677646392D+01
  0.134907874130083D+00 -0.100016208571003D+01
  0.136036803754786D+00 -0.100016757467357D+01
  0.137175180434421D+00 -0.100017324943386D+01
  0.138323083223380D+00 -0.100017911627570D+01
  0.139480591837597D+00 -0.100018518169621D+01
  0.140647786660079D+00 -0.100019145241208D+01
  0.141824748746491D+00 -0.100019793536694D+01
  0.143011559830784D+00 -0.100020463773902D+01
  0.144208302330873D+00 -0.100021156694906D+01
  0.145415059354355D+00 -0.100021873066851D+01
  0.146631914704287D+00 -0.100022613682795D+01
  0.147858952885002D+00 -0.100023379362585D+01
  0.149096259107977D+00 -0.100024170953763D+01
  0.150343919297754D+00 -0.100024989332495D+01
  0.151602020097902D+00 -0.100025835404538D+01
  0.152870648877037D+00 -0.100026710106240D+01
  0.154149893734892D+00 -0.100027614405568D+01
  0.155439843508427D+00 -0.100028549303176D+01
  0.156740587778007D+00 -0.100029515833503D+01
  0.158052216873618D+00 -0.100030515065918D+01
  0.159374821881141D+00 -0.100031548105891D+01
  0.160708494648677D+00 -0.100032616096215D+01
  0.162053327792927D+00 -0.100033720218257D+01
  0.163409414705622D+00 -0.100034861693263D+01
  0.164776849560008D+00 -0.100036041783701D+01
  0.166155727317390D+00 -0.100037261794646D+01
  0.167546143733721D+00 -0.100038523075216D+01
  0.168948195366255D+00 -0.100039827020060D+01
  0.170361979580254D+00 -0.100041175070884D+01
  0.171787594555743D+00 -0.100042568718042D+01
  0.173225139294337D+00 -0.100044009502169D+01
  0.174674713626108D+00 -0.100045499015875D+01
  0.176136418216524D+00 -0.100047038905497D+01
  0.177610354573434D+00 -0.100048630872903D+01
  0.179096625054123D+00 -0.100050276677363D+01
  0.180595332872416D+00 -0.100051978137484D+01
  0.182106582105847D+00 -0.100053737133198D+01
  0.183630477702887D+00 -0.100055555607833D+01
  0.185167125490231D+00 -0.100057435570241D+01
  0.186716632180148D+00 -0.100059379097004D+01
  0.188279105377894D+00 -0.100061388334712D+01
  0.189854653589178D+00 -0.100063465502313D+01
  0.191443386227704D+00 -0.100065612893553D+01
  0.193045413622767D+00 -0.100067832879482D+01
  0.194660847026912D+00 -0.100070127911060D+01
  0.196289798623664D+00 -0.100072500521839D+01
  0.197932381535315D+00 -0.100074953330738D+01
  0.199588709830785D+00 -0.100077489044914D+01
  0.201258898533537D+00 -0.100080110462723D+01
  0.202943063629569D+00 -0.100082820476788D+01
  0.204641322075467D+00 -0.100085622077161D+01
  0.206353791806528D+00 -0.100088518354597D+01
  0.208080591744949D+00 -0.100091512503937D+01
  0.209821841808086D+00 -0.100094607827597D+01
  0.211577662916783D+00 -0.100097807739187D+01
  0.213348177003767D+00 -0.100101115767236D+01
  0.215133507022115D+00 -0.100104535559054D+01
  0.216933776953798D+00 -0.100108070884715D+01
  0.218749111818284D+00 -0.100111725641176D+01
  0.220579637681223D+00 -0.100115503856533D+01
  0.222425481663203D+00 -0.100119409694421D+01
  0.224286771948576D+00 -0.100123447458558D+01
  0.226163637794358D+00 -0.100127621597444D+01
  0.228056209539211D+00 -0.100131936709209D+01
  0.229964618612489D+00 -0.100136397546638D+01
  0.231888997543366D+00 -0.100141009022346D+01
  0.233829479970041D+00 -0.100145776214137D+01
  0.235786200649019D+00 -0.100150704370539D+01
  0.237759295464465D+00 -0.100155798916523D+01
  0.239748901437647D+00 -0.100161065459411D+01
  0.241755156736446D+00 -0.100166509794984D+01
  0.243778200684951D+00 -0.100172137913793D+01
  0.245818173773141D+00 -0.100177956007675D+01
  0.247875217666631D+00 -0.100183970476496D+01
  0.249949475216519D+00 -0.100190187935111D+01
  0.252041090469303D+00 -0.100196615220552D+01
  0.254150208676881D+00 -0.100203259399471D+01
  0.256276976306643D+00 -0.100210127775812D+01
  0.258421541051642D+00 -0.100217227898750D+01
  0.260584051840845D+00 -0.100224567570889D+01
  0.262764658849482D+00 -0.100232154856739D+01
  0.264963513509473D+00 -0.100239998091465D+01
  0.267180768519940D+00 -0.100248105889933D+01
  0.269416577857817D+00 -0.100256487156059D+01
  0.271671096788541D+00 -0.100265151092462D+01
  0.273944481876832D+00 -0.100274107210443D+01
  0.276236890997567D+00 -0.100283365340290D+01
  0.278548483346747D+00 -0.100292935641935D+01
  0.280879419452546D+00 -0.100302828615953D+01
  0.283229861186464D+00 -0.100313055114932D+01
  0.285599971774567D+00 -0.100323626355224D+01
  0.287989915808819D+00 -0.100334553929077D+01
  0.290399859258517D+00 -0.100345849817177D+01
  0.292829969481813D+00 -0.100357526401604D+01
  0.295280415237339D+00 -0.100369596479212D+01
  0.297751366695923D+00 -0.100382073275465D+01
  0.300242995452410D+00 -0.100394970458717D+01
  0.302755474537576D+00 -0.100408302154976D+01
  0.305288978430144D+00 -0.100422082963153D+01
  0.307843683068903D+00 -0.100436327970817D+01
  0.310419765864925D+00 -0.100451052770471D+01
  0.313017405713883D+00 -0.100466273476367D+01
  0.315636783008477D+00 -0.100482006741879D+01
  0.318278079650961D+00 -0.100498269777451D+01
  0.320941479065774D+00 -0.100515080369137D+01
  0.323627166212280D+00 -0.100532456897759D+01
  0.326335327597609D+00 -0.100550418358693D+01
  0.329066151289613D+00 -0.100568984382312D+01
  0.331819826929923D+00 -0.100588175255110D+01
  0.334596545747121D+00 -0.100608011941517D+01
  0.337396500570019D+00 -0.100628516106439D+01
  0.340219885841049D+00 -0.100649710138546D+01
  0.343066897629767D+00 -0.100671617174322D+01
  0.345937733646470D+00 -0.100694261122921D+01
  0.348832593255923D+00 -0.100717666691832D+01
  0.351751677491207D+00 -0.100741859413406D+01
  0.354695189067678D+00 -0.100766865672245D+01
  0.357663332397045D+00 -0.100792712733509D+01
  0.360656313601566D+00 -0.100819428772148D+01
  0.363674340528361D+00 -0.100847042903106D+01
  0.366717622763845D+00 -0.100875585212519D+01
  0.369786371648286D+00 -0.100905086789949D+01
  0.372880800290479D+00 -0.100935579761672D+01
  0.376001123582544D+00 -0.100967097325077D+01
  0.379147558214854D+00 -0.100999673784190D+01
  0.382320322691078D+00 -0.101033344586383D+01
  0.385519637343357D+00 -0.101068146360281D+01
  0.388745724347606D+00 -0.101104116954932D+01
  0.391998807738941D+00 -0.101141295480261D+01
  0.395279113427238D+00 -0.101179722348870D+01
  0.398586869212822D+00 -0.101219439319204D+01
  0.401922304802285D+00 -0.101260489540152D+01
  0.405285651824438D+00 -0.101302917597115D+01
  0.408677143846399D+00 -0.101346769559598D+01
  0.412097016389811D+00 -0.101392093030364D+01
  0.415545506947196D+00 -0.101438937196223D+01
  0.419022854998450D+00 -0.101487352880481D+01
  0.422529302027476D+00 -0.101537392597134D+01
  0.426065091538949D+00 -0.101589110606834D+01
  0.429630469075227D+00 -0.101642562974718D+01
  0.433225682233405D+00 -0.101697807630129D+01
  0.436850980682509D+00 -0.101754904428312D+01
  0.440506616180833D+00 -0.101813915214148D+01
  0.444192842593421D+00 -0.101874903887979D+01
  0.447909915909702D+00 -0.101937936473614D+01
  0.451658094261259D+00 -0.102003081188562D+01
  0.455437637939763D+00 -0.102070408516591D+01
  0.459248809415043D+00 -0.102139991282669D+01
  0.463091873353317D+00 -0.102211904730372D+01
  0.466967096635569D+00 -0.102286226601845D+01
  0.470874748376085D+00 -0.102363037220385D+01
  0.474815099941139D+00 -0.102442419575745D+01
  0.478788424967841D+00 -0.102524459412240D+01
  0.482794999383136D+00 -0.102609245319743D+01
  0.486835101422968D+00 -0.102696868827676D+01
  0.490909011651603D+00 -0.102787424502070D+01
  0.495017012981111D+00 -0.102881010045821D+01
  0.499159390691013D+00 -0.102977726402217D+01
  0.503336432448092D+00 -0.103077677861854D+01
  0.507548428326371D+00 -0.103180972173049D+01
  0.511795670827257D+00 -0.103287720655846D+01
  0.516078454899852D+00 -0.103398038319751D+01
  0.520397077961438D+00 -0.103512043985279D+01
  0.524751839918130D+00 -0.103629860409467D+01
  0.529143043185702D+00 -0.103751614415439D+01
  0.533570992710592D+00 -0.103877437026172D+01
  0.538035995991073D+00 -0.104007463602577D+01
  0.542538363098612D+00 -0.104141833986022D+01
  0.547078406699400D+00 -0.104280692645428D+01
  0.551656442076068D+00 -0.104424188829081D+01
  0.556272787149579D+00 -0.104572476721273D+01
  0.560927762501308D+00 -0.104725715603929D+01
  0.565621691395301D+00 -0.104884070023342D+01
  0.570354899800731D+00 -0.105047709962159D+01
  0.575127716414527D+00 -0.105216811016764D+01
  0.579940472684205D+00 -0.105391554580179D+01
  0.584793502830885D+00 -0.105572128030641D+01
  0.589687143872500D+00 -0.105758724925974D+01
  0.594621735647200D+00 -0.105951545203905D+01
  0.599597620836952D+00 -0.106150795388452D+01
  0.604615144991339D+00 -0.106356688802510D+01
  0.609674656551554D+00 -0.106569445786763D+01
  0.614776506874600D+00 -0.106789293925046D+01
  0.619921050257689D+00 -0.107016468276256D+01
  0.625108643962846D+00 -0.107251211612933D+01
  0.630339648241718D+00 -0.107493774666599D+01
  0.635614426360593D+00 -0.107744416379921D+01
  0.640933344625628D+00 -0.108003404165802D+01
  0.646296772408283D+00 -0.108271014173421D+01
  0.651705082170978D+00 -0.108547531561265D+01
  0.657158649492951D+00 -0.108833250777179D+01
  0.662657853096349D+00 -0.109128475845401D+01
  0.668203074872519D+00 -0.109433520660564D+01
  0.673794699908536D+00 -0.109748709288572D+01
  0.679433116513942D+00 -0.110074376274259D+01
  0.685118716247711D+00 -0.110410866955673D+01
  0.690851893945442D+00 -0.110758537784793D+01
  0.696633047746781D+00 -0.111117756654433D+01
  0.702462579123063D+00 -0.111488903231017D+01
  0.708340892905201D+00 -0.111872369292876D+01
  0.714268397311791D+00 -0.112268559073588D+01
  0.720245503977465D+00 -0.112677889609871D+01
  0.726272627981478D+00 -0.113100791093381D+01
  0.732350187876529D+00 -0.113537707225702D+01
  0.738478605717833D+00 -0.113989095575706D+01
  0.744658307092423D+00 -0.114455427938297D+01
  0.750889721148712D+00 -0.114937190693459D+01
  0.757173280626292D+00 -0.115434885164343D+01
  0.763509421885985D+00 -0.115949027972954D+01
  0.769898584940146D+00 -0.116480151391844D+01
  0.776341213483224D+00 -0.117028803689949D+01
  0.782837754922565D+00 -0.117595549470549D+01
  0.789388660409494D+00 -0.118180969998997D+01
  0.795994384870633D+00 -0.118785663517657D+01
  0.802655387039504D+00 -0.119410245545126D+01
  0.809372129488377D+00 -0.120055349156513D+01
  0.816145078660402D+00 -0.120721625241165D+01
  0.822974704901991D+00 -0.121409742733820D+01
  0.829861482495490D+00 -0.122120388814746D+01
  0.836805889692109D+00 -0.122854269073911D+01
  0.843808408745141D+00 -0.123612107633742D+01
  0.850869525943444D+00 -0.124394647224418D+01
  0.857989731645217D+00 -0.125202649205065D+01
  0.865169520312051D+00 -0.126036893523501D+01
  0.872409390543266D+00 -0.126898178606498D+01
  0.879709845110538D+00 -0.127787321171697D+01
  0.887071390992813D+00 -0.128705155951502D+01
  0.894494539411513D+00 -0.129652535318327D+01
  0.901979805866038D+00 -0.130630328799630D+01
  0.909527710169569D+00 -0.131639422470079D+01
  0.917138776485159D+00 -0.132680718207117D+01
  0.924813533362138D+00 -0.133755132794945D+01
  0.932552513772819D+00 -0.134863596860744D+01
  0.940356255149508D+00 -0.136007053625552D+01
  0.948225299421824D+00 -0.137186457450847D+01
  0.956160193054337D+00 -0.138402772160405D+01
  0.964161487084518D+00 -0.139656969115429D+01
  0.972229737161000D+00 -0.140950025019395D+01
  0.980365503582169D+00 -0.142282919427384D+01
  0.988569351335075D+00 -0.143656631932987D+01
  0.996841850134664D+00 -0.145072139004195D+01
  0.100518357446334D+01 -0.146530410437939D+01
  0.101359510361088D+01 -0.148032405401306D+01
  0.102207702171462D+01 -0.149579068025766D+01
  0.103062991780006D+01 -0.151171322519240D+01
  0.103925438582176D+01 -0.152810067759348D+01
  0.104795102470457D+01 -0.154496171329961D+01
  0.105672043838525D+01 -0.156230462962063D+01
  0.106556323585438D+01 -0.158013727339222D+01
  0.107448003119867D+01 -0.159846696227503D+01
  0.108347144364360D+01 -0.161730039889718D+01
  0.109253809759643D+01 -0.163664357744409D+01
  0.110168062268955D+01 -0.165650168231199D+01
  0.111089965382422D+01 -0.167687897846015D+01
  0.112019583121462D+01 -0.169777869312554D+01
  0.112956980043237D+01 -0.171920288860133D+01
  0.113902221245132D+01 -0.174115232583102D+01
  0.114855372369278D+01 -0.176362631863307D+01
  0.115816499607107D+01 -0.178662257844930D+01
  0.116785669703953D+01 -0.181013704960580D+01
  0.117762949963684D+01 -0.183416373518896D+01
  0.118748408253378D+01 -0.185869451377433D+01
  0.119742113008035D+01 -0.188371894740327D+01
  0.120744133235327D+01 -0.190922408138431D+01
  0.121754538520397D+01 -0.193519423670418D+01
  0.122773399030683D+01 -0.196161079606859D+01
  0.123800785520797D+01 -0.198845198485749D+01
  0.124836769337437D+01 -0.201569264857224D+01
  0.125881422424338D+01 -0.204330402867511D+01
  0.126934817327275D+01 -0.207125353907268D+01
  0.127997027199094D+01 -0.209950454587280D+01
  0.129068125804797D+01 -0.212801615344741D+01
  0.130148187526661D+01 -0.215674300025623D+01
  0.131237287369408D+01 -0.218563506832432D+01
  0.132335500965408D+01 -0.221463751071142D+01
  0.133442904579935D+01 -0.224369050175581D+01
  0.134559575116464D+01 -0.227272911530655D+01
  0.135685590122008D+01 -0.230168323656497D+01
  0.136821027792506D+01 -0.233047751352115D+01
  0.137965966978253D+01 -0.235903135427847D+01
  0.139120487189374D+01 -0.238725897678755D+01
  0.140284668601349D+01 -0.241506951763987D+01
  0.141458592060577D+01 -0.244236720657610D+01
  0.142642339089991D+01 -0.246905161322214D+01
  0.143835991894722D+01 -0.249501797225052D+01
  0.145039633367806D+01 -0.252015759265265D+01
  0.146253347095940D+01 -0.254435835607549D+01
  0.147477217365288D+01 -0.256750530820369D+01
  0.148711329167331D+01 -0.258948134593961D+01
  0.149955768204775D+01 -0.261016800163815D+01
  0.151210620897497D+01 -0.262944632388808D+01
  0.152475974388550D+01 -0.264719785230228D+01
  0.153751916550212D+01 -0.266330568150312D+01
  0.155038535990091D+01 -0.267765560699457D+01
  0.156335922057276D+01 -0.269013734294168D+01
  0.157644164848543D+01 -0.270064579908744D+01
  0.158963355214611D+01 -0.270908240119680D+01
  0.160293584766454D+01 -0.271535643661205D+01
  0.161634945881657D+01 -0.271938640382960D+01
  0.162987531710837D+01 -0.272110134257198D+01
  0.164351436184109D+01 -0.272044211874342D+01
  0.165726754017610D+01 -0.271736263703934D+01
  0.167113580720076D+01 -0.271183095294115D+01
  0.168512012599473D+01 -0.270383025547374D+01
  0.169922146769689D+01 -0.269335969252179D+01
  0.171344081157274D+01 -0.268043501176042D+01
  0.172777914508243D+01 -0.266508899239604D+01
  0.174223746394933D+01 -0.264737164593905D+01
  0.175681677222918D+01 -0.262735016811053D+01
  0.177151808237978D+01 -0.260510862864756D+01
  0.178634241533138D+01 -0.258074739110367D+01
  0.180129080055750D+01 -0.255438226059074D+01
  0.181636427614643D+01 -0.252614336359297D+01
  0.183156388887340D+01 -0.249617377029398D+01
  0.184689069427315D+01 -0.246462787607092D+01
  0.186234575671335D+01 -0.243166956470485D+01
  0.187793014946842D+01 -0.239747018122588D+01
  0.189364495479412D+01 -0.236220634698215D+01
  0.190949126400271D+01 -0.232605765336818D+01
  0.192547017753867D+01 -0.228920427361539D+01
  0.194158280505521D+01 -0.225182453415738D+01
  0.195783026549128D+01 -0.221409248846033D+01
  0.197421368714926D+01 -0.217617553707670D+01
  0.199073420777335D+01 -0.213823213838141D+01
  0.200739297462857D+01 -0.210040965543384D+01
  0.202419114458042D+01 -0.206284238623959D+01
  0.204112988417523D+01 -0.202564982802407D+01
  0.205821036972118D+01 -0.198893523171365D+01
  0.207543378736995D+01 -0.195278451143924D+01
  0.209280133319914D+01 -0.191726558632668D+01
  0.211031421329530D+01 -0.188242824886543D+01
  0.212797364383769D+01 -0.184830467638240D+01
  0.214578085118276D+01 -0.181491073003230D+01
  0.216373707194929D+01 -0.178224821943127D+01
  0.218184355310425D+01 -0.175030835051110D+01
  0.220010155204947D+01 -0.171907655506580D+01
  0.221851233670886D+01 -0.168853716035739D+01
  0.223707718561654D+01 -0.165867464166876D+01
  0.225579738800558D+01 -0.162947369357187D+01
  0.227467424389757D+01 -0.160091922651346D+01
  0.229370906419287D+01 -0.157299636226134D+01
  0.231290317076164D+01 -0.154569043518965D+01
  0.233225789653566D+01 -0.151898698953933D+01
  0.235177458560089D+01 -0.149287177501244D+01
  0.237145459329080D+01 -0.146733074504180D+01
  0.239129928628051D+01 -0.144235005812326D+01
  0.241131004268166D+01 -0.141791607275801D+01
  0.243148825213817D+01 -0.139401535098196D+01
  0.245183531592268D+01 -0.137063464194233D+01
  0.247235264703391D+01 -0.134776090058939D+01
  0.249304167029478D+01 -0.132538127086723D+01
  0.251390382245131D+01 -0.130348309793067D+01
  0.253494055227247D+01 -0.128205391565251D+01
  0.255615332065071D+01 -0.126108145935663D+01
  0.257754360070349D+01 -0.124055365414750D+01
  0.259911287787551D+01 -0.122045862857159D+01
  0.262086265004191D+01 -0.120078470377248D+01
  0.264279442761227D+01 -0.118152040803835D+01
  0.266490973363552D+01 -0.116265446678537D+01
  0.268721010390569D+01 -0.114417581786228D+01
  0.270969708706856D+01 -0.112607360233296D+01
  0.273237224472923D+01 -0.110833718034909D+01
  0.275523715156053D+01 -0.109095612267844D+01
  0.277829339541240D+01 -0.107392022691910D+01
  0.280154257742215D+01 -0.105721950970752D+01
  0.282498631212567D+01 -0.104084422302685D+01
  0.284862622756949D+01 -0.102478484703467D+01
  0.287246396542391D+01 -0.100903210620351D+01
  0.289650118109699D+01 -0.993576962732030D+00
  0.292073954384946D+01 -0.978410632229981D+00
  0.294518073691070D+01 -0.963524577743525D+00
  0.296982645759561D+01 -0.948910524592839D+00
  0.299467841742247D+01 -0.934560455266115D+00
  0.301973834223182D+01 -0.920466622518290D+00
  0.304500797230628D+01 -0.906621546210018D+00
  0.307048906249143D+01 -0.893018023556766D+00
  0.309618338231766D+01 -0.879649126652595D+00
  0.312209271612306D+01 -0.866508212902395D+00
  0.314821886317734D+01 -0.853588920859572D+00
  0.317456363780676D+01 -0.840885179921429D+00
  0.320112886952016D+01 -0.828391205178085D+00
  0.322791640313596D+01 -0.816101506221853D+00
  0.325492809891031D+01 -0.804010881492724D+00
  0.328216583266629D+01 -0.792114424346399D+00
  0.330963149592412D+01 -0.780407516935580D+00
  0.333732699603258D+01 -0.768885833695276D+00
  0.336525425630140D+01 -0.757545334114601D+00
  0.339341521613489D+01 -0.746382263368374D+00
  0.342181183116657D+01 -0.735393143590569D+00
  0.345044607339502D+01 -0.724574771409009D+00
  0.347931993132077D+01 -0.713924207382765D+00
  0.350843541008447D+01 -0.703438770287989D+00
  0.353779453160605D+01 -0.693116024476450D+00
  0.356739933472521D+01 -0.682953770892739D+00
  0.359725187534293D+01 -0.672950032251047D+00
  0.362735422656433D+01 -0.663103040926427D+00
  0.365770847884254D+01 -0.653411222019984D+00
  0.368831674012397D+01 -0.643873178446615D+00
  0.371918113599460D+01 -0.634487672147091D+00
  0.375030380982767D+01 -0.625253606872652D+00
  0.378168692293247D+01 -0.616170007983998D+00
  0.381333265470449D+01 -0.607236003588323D+00
  0.384524320277668D+01 -0.598450803518881D+00
  0.387742078317217D+01 -0.589813679594122D+00
  0.390986763045807D+01 -0.581323944479608D+00
  0.394258599790071D+01 -0.572980931883985D+00
  0.397557815762210D+01 -0.564783976097322D+00
  0.400884640075768D+01 -0.556732392863938D+00
  0.404239303761550D+01 -0.548825460369983D+00
  0.407622039783659D+01 -0.541062401876880D+00
  0.411033083055678D+01 -0.533442367676704D+00
  0.414472670456984D+01 -0.525964422014041D+00
  0.417941040849196D+01 -0.518627526174675D+00
  0.421438435092761D+01 -0.511430524249571D+00
  0.424965096063685D+01 -0.504372142639456D+00
  0.428521268670398D+01 -0.497450964660029D+00
  0.432107199870761D+01 -0.490665421065834D+00
  0.435723138689213D+01 -0.484013815449885D+00
  0.439369336234071D+01 -0.477494278312270D+00
  0.443046045714962D+01 -0.471104787131634D+00
  0.446753522460413D+01 -0.464843159289132D+00
  0.450492023935574D+01 -0.458707052589515D+00
  0.454261809760108D+01 -0.452693966767758D+00
  0.458063141726211D+01 -0.446801246852126D+00
  0.461896283816797D+01 -0.441026087641530D+00
  0.465761502223831D+01 -0.435365539909371D+00
  0.469659065366809D+01 -0.429816517597960D+00
  0.473589243911406D+01 -0.424375806583877D+00
  0.477552310788266D+01 -0.419040074292658D+00
  0.481548541211960D+01 -0.413805880717976D+00
  0.485578212700096D+01 -0.408669690132751D+00
  0.489641605092590D+01 -0.403627884030182D+00
  0.493739000571104D+01 -0.398676774583465D+00
  0.497870683678636D+01 -0.393812619150369D+00
  0.502036941339284D+01 -0.389031635106107D+00
  0.506238062878173D+01 -0.384330015521268D+00
  0.510474340041540D+01 -0.379703944956897D+00
  0.514746067017004D+01 -0.375149615887408D+00
  0.519053540453987D+01 -0.370663244999734D+00
  0.523397059484320D+01 -0.366241089894719D+00
  0.527776925743015D+01 -0.361879465390581D+00
  0.532193443389211D+01 -0.357574759942559D+00
  0.536646919127297D+01 -0.353323451536745D+00
  0.541137662228212D+01 -0.349122123122891D+00
  0.545665984550920D+01 -0.344967477162269D+00
  0.550232200564068D+01 -0.340856351852670D+00
  0.554836627367827D+01 -0.336785728217287D+00
  0.559479584715908D+01 -0.332752751886563D+00
  0.564161395037770D+01 -0.328754735291029D+00
  0.568882383461011D+01 -0.324789175500093D+00
  0.573642877833948D+01 -0.320853748524721D+00
  0.578443208748381D+01 -0.316946329315127D+00
  0.583283709562551D+01 -0.313064999560198D+00
  0.588164716424295D+01 -0.309208039967396D+00
  0.593086568294383D+01 -0.305373937842686D+00
  0.598049606970063D+01 -0.301561387228901D+00
  0.603054177108793D+01 -0.297769287505595D+00
  0.608100626252176D+01 -0.293996740893600D+00
  0.613189304850098D+01 -0.290243047884621D+00
  0.618320566285062D+01 -0.286507701805277D+00
  0.623494766896730D+01 -0.282790381423783D+00
  0.628712266006669D+01 -0.279090942969414D+00
  0.633973425943301D+01 -0.275409410369496D+00
  0.639278612067072D+01 -0.271745965242998D+00
  0.644628192795814D+01 -0.268100935323476D+00
  0.650022539630341D+01 -0.264474783024349D+00
  0.655462027180239D+01 -0.260868092658374D+00
  0.660947033189885D+01 -0.257281558201622D+00
  0.666477938564679D+01 -0.253715969926795D+00
  0.672055127397493D+01 -0.250172201974698D+00
  0.677678986995351D+01 -0.246651198981867D+00
  0.683349907906317D+01 -0.243153964011944D+00
  0.689068283946621D+01 -0.239681545662553D+00
  0.694834512228011D+01 -0.236235026942392D+00
  0.700648993185322D+01 -0.232815512734724D+00
  0.706512130604292D+01 -0.229424121669718D+00
  0.712424331649596D+01 -0.226061970839134D+00
  0.718386006893129D+01 -0.222730173918003D+00
  0.724397570342510D+01 -0.219429825623756D+00
  0.730459439469841D+01 -0.216161999555072D+00
  0.736572035240691D+01 -0.212927733565633D+00
  0.742735782143335D+01 -0.209728030398942D+00
  0.748951108218227D+01 -0.206563852484643D+00
  0.755218445087733D+01 -0.203436112491967D+00
  0.761538227986099D+01 -0.200345671222090D+00
  0.767910895789676D+01 -0.197293334835137D+00
  0.774336891047401D+01 -0.194279851266974D+00
  0.780816660011527D+01 -0.191305909042959D+00
  0.787350652668614D+01 -0.188372134841638D+00
  0.793939322770778D+01 -0.185479093452234D+00
  0.800583127867201D+01 -0.182627286335362D+00
  0.807282529335908D+01 -0.179817152544975D+00
  0.814037992415803D+01 -0.177049068113038D+00
  0.820849986238984D+01 -0.174323347756733D+00
  0.827718983863312D+01 -0.171640244918914D+00
  0.834645462305274D+01 -0.168999954091138D+00
  0.841629902573099D+01 -0.166402611353239D+00
  0.848672789700170D+01 -0.163848297157874D+00
  0.855774612778700D+01 -0.161337037228938D+00
  0.862935864993701D+01 -0.158868805671313D+00
  0.870157043657233D+01 -0.156443526106269D+00
  0.877438650242939D+01 -0.154061074990049D+00
  0.884781190420868D+01 -0.151721282883702D+00
  0.892185174092596D+01 -0.149423937883237D+00
  0.899651115426631D+01 -0.147168786940277D+00
  0.907179532894120D+01 -0.144955539325281D+00
  0.914770949304859D+01 -0.142783867932228D+00
  0.922425891843593D+01 -0.140653412713921D+00
  0.930144892106630D+01 -0.138563781919348D+00
  0.937928486138758D+01 -0.136514555454289D+00
  0.945777214470467D+01 -0.134505286014395D+00
  0.953691622155491D+01 -0.132535502337150D+00
  0.961672258808656D+01 -0.130604710204197D+00
  0.969719678644046D+01 -0.128712395562125D+00
  0.977834440513496D+01 -0.126858025377334D+00
  0.986017107945397D+01 -0.125041050611032D+00
  0.994268249183830D+01 -0.123260906917728D+00
  0.100258843722803D+02 -0.121517017467407D+00
  0.101097824987218D+02 -0.119808793484170D+00
  0.101943826974553D+02 -0.118135636913779D+00
  0.102796908435286D+02 -0.116496940803685D+00
  0.103657128611527D+02 -0.114892091818435D+00
  0.104524547241136D+02 -0.113320470465682D+00
  0.105399224561864D+02 -0.111781453464329D+00
  0.106281221315544D+02 -0.110274413823747D+00
  0.107170598752306D+02 -0.108798723071692D+00
  0.108067418634829D+02 -0.107353751195416D+00
  0.108971743242631D+02 -0.105938868737920D+00
  0.109883635376396D+02 -0.104553446609894D+00
  0.110803158362333D+02 -0.103196858063969D+00
  0.111730376056575D+02 -0.101868478387160D+00
  0.112665352849612D+02 -0.100567686762581D+00
  0.113608153670763D+02 -0.992938658521995D-01
  0.114558843992687D+02 -0.980464035557591D-01
  0.115517489835927D+02 -0.968246924929864D-01
  0.116484157773496D+02 -0.956281316693459D-01
  0.117458914935501D+02 -0.944561258667739D-01
  0.118441829013803D+02 -0.933080872248149D-01
  0.119432968266719D+02 -0.921834345488337D-01
  0.120432401523762D+02 -0.910815948148431D-01
  0.121440198190421D+02 -0.900020024029570D-01
  0.122456428252981D+02 -0.889441005337912D-01
  0.123481162283383D+02 -0.879073404346582D-01
  0.124514471444123D+02 -0.868911827142772D-01
  0.125556427493197D+02 -0.858950964689820D-01
  0.126607102789083D+02 -0.849185606018716D-01
  0.127666570295766D+02 -0.839610628753266D-01
  0.128734903587804D+02 -0.830221011805612D-01
  0.129812176855437D+02 -0.821011825420698D-01
  0.130898464909744D+02 -0.811978243427206D-01
  0.131993843187830D+02 -0.803115532854022D-01
  0.133098387758071D+02 -0.794419065785202D-01
  0.134212175325397D+02 -0.785884308593063D-01
  0.135335283236612D+02 -0.777506833440526D-01
  0.136467789485774D+02 -0.769282307172702D-01
  0.137609772719605D+02 -0.761206502505151D-01
  0.138761312242955D+02 -0.753275286612339D-01
  0.139922488024309D+02 -0.745484632036985D-01
  0.141093380701341D+02 -0.737830605005544D-01
  0.142274071586513D+02 -0.730309376092665D-01
  0.143464642672722D+02 -0.722917208293619D-01
  0.144665176638995D+02 -0.715650467470359D-01
  0.145875756856227D+02 -0.708505610208083D-01
  0.147096467392976D+02 -0.701479194068341D-01
  0.148327393021299D+02 -0.694567865249118D-01
  0.149568619222635D+02 -0.687768368669945D-01
  0.150820232193747D+02 -0.681077535454137D-01
  0.152082318852707D+02 -0.674492292861760D-01
  0.153354966844928D+02 -0.668009651614706D-01
  0.154638264549254D+02 -0.661626715685451D-01
  0.155932301084098D+02 -0.655340669479313D-01
  0.157237166313627D+02 -0.649148787492225D-01
  0.158552950854007D+02 -0.643048421351929D-01
  0.159879746079693D+02 -0.637037009350652D-01
  0.161217644129776D+02 -0.631112063347047D-01
  0.162566737914380D+02 -0.625271178171157D-01
  0.163927121121116D+02 -0.619512018377735D-01
  0.165298888221586D+02 -0.613832327513592D-01
  0.166682134477946D+02 -0.608229914704193D-01
  0.168076955949520D+02 -0.602702663754041D-01
  0.169483449499470D+02 -0.597248519537596D-01
  0.170901712801524D+02 -0.591865496851590D-01
  0.172331844346761D+02 -0.586551666675459D-01
  0.173773943450445D+02 -0.581305164494668D-01
  0.175228110258926D+02 -0.576124177730846D-01
  0.176694445756596D+02 -0.571006947317133D-01
  0.178173051772898D+02 -0.565951770972734D-01
  0.179664030989399D+02 -0.560957037177363D-01
  0.181167486946922D+02 -0.556021038944995D-01
  0.182683524052734D+02 -0.551142193836437D-01
  0.184212247587800D+02 -0.546319254509920D-01
  0.185753763714091D+02 -0.541552089894557D-01
  0.187308179481957D+02 -0.536840325932330D-01
  0.188875602837561D+02 -0.532182555836702D-01
  0.190456142630379D+02 -0.527577426978081D-01
  0.192049908620754D+02 -0.523023649957273D-01
  0.193657011487518D+02 -0.518519984911002D-01
  0.195277562835685D+02 -0.514065250596249D-01
  0.196911675204194D+02 -0.509658310831759D-01
  0.198559462073726D+02 -0.505298083710777D-01
  0.200221037874587D+02 -0.500983528165682D-01
  0.201896517994655D+02 -0.496713653308730D-01
  0.203586018787388D+02 -0.492487505120201D-01
  0.205289657579909D+02 -0.488304175916259D-01
  0.207007552681152D+02 -0.484162791158462D-01
  0.208739823390079D+02 -0.480062519046142D-01
  0.210486590003963D+02 -0.476002557444452D-01
  0.212247973826743D+02 -0.471982143600908D-01
  0.214024097177447D+02 -0.468000541188493D-01
  0.215815083398689D+02 -0.464057050140864D-01
  0.217621056865232D+02 -0.460150993809463D-01
  0.219442142992626D+02 -0.456281728914219D-01
  0.221278468245917D+02 -0.452448632808551D-01
  0.223130160148429D+02 -0.448651113541445D-01
  0.224997347290623D+02 -0.444888597228944D-01
  0.226880159339023D+02 -0.441160538221986D-01
  0.228778727045222D+02 -0.437466406577024D-01
  0.230693182254962D+02 -0.433805698328783D-01
  0.232623657917292D+02 -0.430177923052939D-01
  0.234570288093797D+02 -0.426582614238796D-01
  0.236533207967911D+02 -0.423019316941344D-01
  0.238512553854302D+02 -0.419487598244645D-01
  0.240508463208342D+02 -0.415987035002126D-01
  0.242521074635648D+02 -0.412517224383752D-01
  0.244550527901713D+02 -0.409077771697613D-01
  0.246596963941606D+02 -0.405668301018363D-01
  0.248660524869764D+02 -0.402288443084929D-01
  0.250741353989858D+02 -0.398937846002639D-01
  0.252839595804746D+02 -0.395616163211743D-01
  0.254955396026510D+02 -0.392323064260893D-01
  0.257088901586569D+02 -0.389058222839078D-01
  0.259240260645891D+02 -0.385821327615751D-01
  0.261409622605274D+02 -0.382612070331242D-01
  0.263597138115726D+02 -0.379430156698445D-01
  0.265802959088926D+02 -0.376275294546784D-01
  0.268027238707772D+02 -0.373147204780621D-01
  0.270270131437021D+02 -0.370045609572055D-01
  0.272531793034012D+02 -0.366970243371329D-01
  0.274812380559489D+02 -0.363920841143924D-01
  0.277112052388502D+02 -0.360897149428516D-01
  0.279430968221407D+02 -0.357898914614037D-01
  0.281769289094958D+02 -0.354925894040885D-01
  0.284127177393489D+02 -0.351977844313957D-01
  0.286504796860190D+02 -0.349054532443021D-01
  0.288902312608480D+02 -0.346155724187914D-01
  0.291319891133471D+02 -0.343281195234311D-01
  0.293757700323533D+02 -0.340430719567484D-01
  0.296215909471949D+02 -0.337604080679961D-01
  0.298694689288678D+02 -0.334801059970542D-01
  0.301194211912202D+02 -0.332021447980551D-01
  0.303714650921485D+02 -0.329265032815046D-01
  0.306256181348028D+02 -0.326531611404682D-01
  0.308818979688020D+02 -0.323820977946244D-01
  0.311403223914597D+02 -0.321132935187389D-01
  0.314009093490204D+02 -0.318467282883959D-01
  0.316636769379053D+02 -0.315823829105011D-01
  0.319286434059691D+02 -0.313202378704639D-01
  0.321958271537676D+02 -0.310602744644974D-01
  0.324652467358350D+02 -0.308024736480402D-01
  0.327369208619727D+02 -0.305468171696494D-01
  0.330108683985489D+02 -0.302932864204707D-01
  0.332871083698079D+02 -0.300418635695397D-01
  0.335656599591923D+02 -0.297925304141321D-01
  0.338465425106742D+02 -0.295452695163078D-01
  0.341297755300994D+02 -0.293000630539895D-01
  0.344153786865412D+02 -0.290568939586041D-01
  0.347033718136671D+02 -0.288157447667589D-01
  0.349937749111155D+02 -0.285765987588469D-01
  0.352866081458849D+02 -0.283394388112079D-01
  0.355818918537342D+02 -0.281042485355810D-01
  0.358796465405952D+02 -0.278710111316507D-01
  0.361798928839963D+02 -0.276397105272471D-01
  0.364826517344987D+02 -0.274103302311874D-01
  0.367879441171442D+02 -0.271828544741389D-01
  0.370957912329155D+02 -0.269572670616793D-01
  0.374062144602083D+02 -0.267335525157458D-01
  0.377192353563157D+02 -0.265116949278529D-01
  0.380348756589259D+02 -0.262916791010600D-01
  0.383531572876311D+02 -0.260734894032914D-01
  0.386741023454501D+02 -0.258571109097666D-01
  0.389977331203632D+02 -0.256425282563793D-01
  0.393240720868598D+02 -0.254297267825393D-01
  0.396531419074993D+02 -0.252186913845708D-01
  0.399849654344848D+02 -0.250094076589290D-01
  0.403195657112500D+02 -0.248018607555818D-01
  0.406569659740599D+02 -0.245960365215671D-01
  0.409971896536239D+02 -0.243919203543342D-01
  0.413402603767230D+02 -0.241894983456093D-01
  0.416862019678509D+02 -0.239887561346755D-01
  0.420350384508682D+02 -0.237896800525220D-01
  0.423867940506710D+02 -0.235922559750464D-01
  0.427414931948727D+02 -0.233964704674639D-01
  0.430991605155010D+02 -0.232023096374206D-01
  0.434598208507079D+02 -0.230097602796451D-01
  0.438234992464950D+02 -0.228188087289584D-01
  0.441902209584526D+02 -0.226294420051568D-01
  0.445600114535136D+02 -0.224416466659089D-01
  0.449328964117222D+02 -0.222554099518553D-01
  0.453089017280169D+02 -0.220707186393897D-01
  0.456880535140293D+02 -0.218875601859623D-01
  0.460703780998966D+02 -0.217059215827407D-01
  0.464559020360912D+02 -0.215257901831977D-01
  0.468446520952635D+02 -0.213471538780800D-01
  0.472366552741015D+02 -0.211700001661285D-01
  0.476319387952059D+02 -0.209943164582349D-01
  0.480305301089800D+02 -0.208200908407863D-01
  0.484324568955363D+02 -0.206473109279772D-01
  0.488377470666188D+02 -0.204759650078862D-01
  0.492464287675410D+02 -0.203060408946506D-01
  0.496585303791410D+02 -0.201375270747065D-01
  0.500740805197518D+02 -0.199704115588290D-01
  0.504931080471890D+02 -0.198046830285337D-01
  0.509156420607550D+02 -0.196403296879836D-01
  0.513417119032593D+02 -0.194773404105484D-01
  0.517713471630566D+02 -0.193157035905828D-01
  0.522045776761017D+02 -0.191554082901406D-01
  0.526414335280208D+02 -0.189964430906239D-01
  0.530819450562015D+02 -0.188387972396512D-01
  0.535261428518991D+02 -0.186824595025813D-01
  0.539740577623614D+02 -0.185274193095304D-01
  0.544257208929703D+02 -0.183736656067731D-01
  0.548811636094027D+02 -0.182211880039066D-01
  0.553404175398080D+02 -0.180699756251310D-01
  0.558035145770048D+02 -0.179200182565590D-01
  0.562704868806957D+02 -0.177713051973748D-01
  0.567413668797005D+02 -0.176238264072881D-01
  0.572161872742084D+02 -0.174775713575757D-01
  0.576949810380488D+02 -0.173325301786754D-01
  0.581777814209810D+02 -0.171886925111118D-01
  0.586646219510033D+02 -0.170460486532289D-01
  0.591555364366816D+02 -0.169045884120017D-01
  0.596505589694970D+02 -0.167643022509051D-01
  0.601497239262130D+02 -0.166251801406133D-01
  0.606530659712635D+02 -0.164872127070026D-01
  0.611606200591593D+02 -0.163503900817410D-01
  0.616724214369162D+02 -0.162147030504221D-01
  0.621885056465022D+02 -0.160801419030463D-01
  0.627089085273058D+02 -0.159466975822845D-01
  0.632336662186251D+02 -0.158143605338527D-01
  0.637628151621775D+02 -0.156831218549030D-01
  0.642963921046299D+02 -0.155529721442931D-01
  0.648344341001511D+02 -0.154239026511030D-01
  0.653769785129849D+02 -0.152959041248008D-01
  0.659240630200445D+02 -0.151689679638834D-01
  0.664757256135296D+02 -0.150430850659398D-01
  0.670320046035641D+02 -0.149182469764139D-01
  0.675929386208570D+02 -0.147944447385681D-01
  0.681585666193850D+02 -0.146716700423638D-01
  0.687289278790974D+02 -0.145499140743289D-01
  0.693040620086443D+02 -0.144291686665546D-01
  0.698840089481270D+02 -0.143094251464658D-01
  0.704688089718715D+02 -0.141906754859337D-01
  0.710585026912257D+02 -0.140729111509522D-01
  0.716531310573791D+02 -0.139561242508620D-01
  0.722527353642074D+02 -0.138403063879351D-01
  0.728573572511395D+02 -0.137254498067104D-01
  0.734670387060494D+02 -0.136115462434851D-01
  0.740818220681720D+02 -0.134985880757611D-01
  0.747017500310435D+02 -0.133865671716462D-01
  0.753268656454659D+02 -0.132754760394080D-01
  0.759572123224971D+02 -0.131653066767856D-01
  0.765928338364651D+02 -0.130560517206506D-01
  0.772337743280083D+02 -0.129477032962315D-01
  0.778800783071407D+02 -0.128402541668785D-01
  0.785317906563428D+02 -0.127336965832016D-01
  0.791889566336784D+02 -0.126280234329391D-01
  0.798516218759379D+02 -0.125232270900105D-01
  0.805198324018073D+02 -0.124193005644860D-01
  0.811936346150637D+02 -0.123162363515568D-01
  0.818730753077984D+02 -0.122140275816027D-01
  0.825582016636659D+02 -0.121126668690820D-01
  0.832490612611605D+02 -0.120121474626961D-01
  0.839457020769210D+02 -0.119124620941989D-01
  0.846481724890617D+02 -0.118136041286574D-01
  0.853565212805324D+02 -0.117155664131825D-01
  0.860707976425061D+02 -0.116183424272838D-01
  0.867910511777949D+02 -0.115219251315221D-01
  0.875173319042950D+02 -0.114263081179582D-01
  0.882496902584598D+02 -0.113314844587279D-01
  0.889881770988027D+02 -0.112374478565821D-01
  0.897328437094287D+02 -0.111441914933879D-01
  0.904837418035962D+02 -0.110517091807574D-01
  0.912409235273081D+02 -0.109599942084746D-01
  0.920044414629326D+02 -0.108690404952132D-01
  0.927743486328556D+02 -0.107788414368908D-01
  0.935506985031621D+02 -0.106893910574733D-01
  0.943335449873495D+02 -0.106006828572576D-01
  0.951229424500717D+02 -0.105127109637611D-01
  0.959189457109141D+02 -0.104254689799349D-01
  0.967216100482009D+02 -0.103389511351366D-01
  0.975309912028336D+02 -0.102531511332745D-01
  0.983471453821621D+02 -0.101680633038634D-01
  0.991701292638879D+02 -0.100836814501001D-01
  0.100000000000000D+03 -0.100000000000008D-01
