     72
 1 0.269571 0.004208 0.330796
 1 0.259649 0.020774 0.842780
 1 0.247858 0.490443 0.340992
 1 0.248486 0.504477 0.834925
 1 0.728899 0.983420 0.324507
 1 0.775201 0.009578 0.847959
 1 0.773044 0.509857 0.336254
 1 0.757148 0.508571 0.831427
 1 0.989731 0.237972 0.170880
 1 0.994857 0.243000 0.671860
 1 0.999262 0.753090 0.172383
 1 0.016152 0.773654 0.674995
 1 0.522718 0.264423 0.163074
 1 0.500192 0.248288 0.670550
 1 0.470319 0.740509 0.155147
 1 0.515335 0.755307 0.675961
 1 0.252966 0.266789 0.014157
 1 0.246321 0.244198 0.500594
 1 0.229088 0.756859 0.992689
 1 0.260789 0.759800 0.505392
 1 0.769635 0.267210 0.000438
 1 0.739546 0.234436 0.503657
 1 0.741280 0.742312 0.010860
 1 0.767363 0.765400 0.505977
 2 0.208886 0.097603 0.417741
 2 0.220374 0.126325 0.924338
 2 0.221682 0.606445 0.428682
 2 0.199627 0.612923 0.910213
 2 0.722089 0.096521 0.419885
 2 0.733076 0.117789 0.927057
 2 0.743310 0.615057 0.435303
 2 0.714438 0.600065 0.933066
 2 0.420008 0.130332 0.253614
 2 0.419871 0.108027 0.765069
 2 0.349569 0.582389 0.217466
 2 0.409027 0.604708 0.757495
 2 0.852755 0.079679 0.218665
 2 0.929544 0.098134 0.762400
 2 0.935457 0.604083 0.254182
 2 0.888676 0.619376 0.746099
 2 0.420863 0.313652 0.085167
 2 0.368258 0.271873 0.605555
 2 0.372198 0.804701 0.088700
 2 0.409500 0.800435 0.592718
 2 0.926071 0.319562 0.090682
 2 0.875326 0.276353 0.600655
 2 0.854975 0.774656 0.128582
 2 0.922874 0.825858 0.585620
 2 0.101839 0.198149 0.099387
 2 0.079123 0.206514 0.563676
 2 0.068983 0.723775 0.049695
 2 0.113374 0.725461 0.588218
 2 0.626171 0.225446 0.084926
 2 0.574869 0.183788 0.575821
 2 0.579143 0.715311 0.055751
 2 0.616681 0.710344 0.593405
 2 0.090785 0.357932 0.279463
 2 0.109700 0.392557 0.747168
 2 0.131669 0.900498 0.238879
 2 0.110509 0.913404 0.758010
 2 0.639523 0.419091 0.239460
 2 0.618673 0.401560 0.735423
 2 0.569675 0.858329 0.255724
 2 0.629167 0.900547 0.763421
 2 0.310939 0.403484 0.422907
 2 0.286177 0.415098 0.939046
 2 0.312155 0.901883 0.417523
 2 0.295650 0.906912 0.916657
 2 0.786919 0.378825 0.422844
 2 0.806296 0.411388 0.914885
 2 0.794262 0.893360 0.406230
 2 0.812186 0.901018 0.945269
