     72
  5.0063175E-04
 1 -0.100963  0.550677 -0.284408
 1 -0.158968 -0.335447 -0.255818
 1  0.306048 -0.193499 -0.537272
 1  0.030100  0.011714  0.375498
 1 -0.094975 -0.251831 -0.086996
 1  0.105090  0.133554 -0.296443
 1  0.177997 -0.090744  0.368953
 1 -0.505770 -0.046533 -0.129392
 1  0.441802  0.128195 -0.148944
 1 -0.350042 -0.270588  0.180834
 1  0.435621  0.006753  0.006467
 1 -0.190388  0.292908  0.594824
 1  0.075611  0.284722 -0.093097
 1  0.172136  0.255493 -0.087817
 1 -0.123479  0.135925  0.262765
 1 -0.075041 -0.416690 -0.198013
 1 -0.080372 -0.115966  0.257611
 1 -0.089434  0.011774  0.411644
 1 -0.403801  0.132982 -0.346680
 1 -0.510958 -0.010186 -0.135501
 1 -0.009964  0.325416  0.104024
 1  0.333843  0.507405 -0.177871
 1  0.158238  0.133708  0.327726
 1  0.406859 -0.062861  0.324905
 2  0.768103 -0.078495  0.303169
 2  0.180224  0.151799  0.173737
 2 -0.191032  0.784083  0.223732
 2  0.389694 -0.398993 -0.032192
 2  0.353386  0.263943 -0.135714
 2 -0.272927  0.495811 -0.051093
 2  0.413633  0.091575 -0.176349
 2 -0.039743 -0.480586 -0.196097
 2 -0.218331  0.169455  0.136560
 2  0.111740  0.136702  0.416349
 2  0.426245  0.433266  0.013498
 2  0.041255  0.138289  0.248328
 2 -0.224365 -0.342985 -0.077023
 2 -0.672059  0.104168  0.097927
 2  0.249331  0.398901 -0.212482
 2  0.105409 -0.477668  0.286144
 2 -0.396762 -0.245324 -0.039601
 2 -0.534215 -0.418964  0.554382
 2  0.489892 -0.102566  0.245032
 2 -0.085521 -0.398716 -0.103386
 2 -0.448303 -0.784396  0.204544
 2 -0.215030 -0.692914 -0.106211
 2 -1.000000 -0.205467 -0.056023
 2 -0.527605 -0.299443  0.366830
 2 -0.267029 -0.028493 -0.098791
 2  0.254481  0.139506 -0.661661
 2 -0.157453  0.690338  0.023850
 2  0.024560  0.281044 -0.114743
 2 -0.093645  0.281383 -0.500465
 2 -0.238235  0.367632  0.405881
 2  0.604952  0.214344 -0.328071
 2  0.308741 -0.341936 -0.360978
 2  0.119184  0.101321 -0.835967
 2  0.050689  0.443072 -0.089178
 2  0.293137  0.366851  0.205503
 2  0.805161  0.421067  0.139673
 2  0.316232 -0.720434 -0.173698
 2  0.205785 -0.276796  0.053214
 2 -0.056245  0.091719  0.271167
 2 -0.052737 -0.875268  0.455787
 2  0.101712 -0.491954  0.332986
 2 -0.355641 -0.144263 -0.955922
 2 -0.285536 -0.226399  0.105927
 2  0.597155 -0.041319 -0.575024
 2 -0.649183 -0.144839 -0.068448
 2 -0.226320 -0.352457 -0.073429
 2  0.122463  0.359328 -0.251783
 2 -0.036060 -0.315502  0.243002
