#     Ultrasoft pseudopotential             : SE
#              by  GGA (PBE)  / scalar relativistic atomic calculation.
#
#     ---- valence electron configuration for constructing pp. ----
#      4S        4P        4D    
#      2.0000    4.0000    0.0000
#     ------------------------------
#C 1532 (0.2007392975D+01 )   : R_cut_local-V
#L  0.1200000000D+03          : 1 / logarithmic mesh
#Z  0.6000000000D+01          : core charge         
#  r [ bohr ]        local potential 
  0.577774851941838D-05 -0.400000000000000D+01
  0.582609759844523D-05 -0.400000000000000D+01
  0.587485126992446D-05 -0.400000000000000D+01
  0.592401291954730D-05 -0.400000000000000D+01
  0.597358596133696D-05 -0.400000000000000D+01
  0.602357383788569D-05 -0.400000000000000D+01
  0.607398002059392D-05 -0.400000000000000D+01
  0.612480800991124D-05 -0.400000000000000D+01
  0.617606133557957D-05 -0.400000000000000D+01
  0.622774355687822D-05 -0.400000000000000D+01
  0.627985826287113D-05 -0.400000000000000D+01
  0.633240907265603D-05 -0.400000000000000D+01
  0.638539963561583D-05 -0.400000000000000D+01
  0.643883363167204D-05 -0.400000000000000D+01
  0.649271477154030D-05 -0.400000000000000D+01
  0.654704679698809D-05 -0.400000000000000D+01
  0.660183348109457D-05 -0.400000000000000D+01
  0.665707862851259D-05 -0.400000000000000D+01
  0.671278607573292D-05 -0.400000000000000D+01
  0.676895969135069D-05 -0.400000000000000D+01
  0.682560337633398D-05 -0.400000000000000D+01
  0.688272106429481D-05 -0.400000000000000D+01
  0.694031672176223D-05 -0.400000000000000D+01
  0.699839434845783D-05 -0.400000000000000D+01
  0.705695797757346D-05 -0.400000000000000D+01
  0.711601167605135D-05 -0.400000000000000D+01
  0.717555954486652D-05 -0.400000000000000D+01
  0.723560571931156D-05 -0.400000000000000D+01
  0.729615436928383D-05 -0.400000000000000D+01
  0.735720969957503D-05 -0.400000000000000D+01
  0.741877595016318D-05 -0.400000000000000D+01
  0.748085739650709D-05 -0.400000000000000D+01
  0.754345834984327D-05 -0.400000000000000D+01
  0.760658315748530D-05 -0.400000000000000D+01
  0.767023620312574D-05 -0.400000000000000D+01
  0.773442190714056D-05 -0.400000000000000D+01
  0.779914472689613D-05 -0.400000000000000D+01
  0.786440915705870D-05 -0.400000000000000D+01
  0.793021972990661D-05 -0.400000000000000D+01
  0.799658101564497D-05 -0.400000000000000D+01
  0.806349762272307D-05 -0.400000000000000D+01
  0.813097419815440D-05 -0.400000000000000D+01
  0.819901542783938D-05 -0.400000000000000D+01
  0.826762603689075D-05 -0.400000000000000D+01
  0.833681078996170D-05 -0.400000000000000D+01
  0.840657449157679D-05 -0.400000000000000D+01
  0.847692198646554D-05 -0.400000000000000D+01
  0.854785815989894D-05 -0.400000000000000D+01
  0.861938793802864D-05 -0.400000000000000D+01
  0.869151628822910D-05 -0.400000000000000D+01
  0.876424821944251D-05 -0.400000000000000D+01
  0.883758878252665D-05 -0.400000000000000D+01
  0.891154307060566D-05 -0.400000000000000D+01
  0.898611621942370D-05 -0.400000000000000D+01
  0.906131340770165D-05 -0.400000000000000D+01
  0.913713985749668D-05 -0.400000000000000D+01
  0.921360083456494D-05 -0.400000000000000D+01
  0.929070164872724D-05 -0.400000000000000D+01
  0.936844765423777D-05 -0.400000000000000D+01
  0.944684425015593D-05 -0.400000000000000D+01
  0.952589688072128D-05 -0.400000000000000D+01
  0.960561103573160D-05 -0.400000000000000D+01
  0.968599225092414D-05 -0.400000000000000D+01
  0.976704610836002D-05 -0.400000000000000D+01
  0.984877823681193D-05 -0.400000000000000D+01
  0.993119431215497D-05 -0.400000000000000D+01
  0.100143000577608D-04 -0.400000000000000D+01
  0.100981012448952D-04 -0.400000000000000D+01
  0.101826036931187D-04 -0.400000000000000D+01
  0.102678132706908D-04 -0.400000000000000D+01
  0.103537358949776D-04 -0.400000000000000D+01
  0.104403775328625D-04 -0.400000000000000D+01
  0.105277442011607D-04 -0.400000000000000D+01
  0.106158419670371D-04 -0.400000000000000D+01
  0.107046769484274D-04 -0.400000000000000D+01
  0.107942553144634D-04 -0.400000000000000D+01
  0.108845832859009D-04 -0.400000000000000D+01
  0.109756671355520D-04 -0.400000000000000D+01
  0.110675131887205D-04 -0.400000000000000D+01
  0.111601278236417D-04 -0.400000000000000D+01
  0.112535174719245D-04 -0.400000000000000D+01
  0.113476886189987D-04 -0.400000000000000D+01
  0.114426478045652D-04 -0.400000000000000D+01
  0.115384016230500D-04 -0.400000000000000D+01
  0.116349567240623D-04 -0.400000000000000D+01
  0.117323198128564D-04 -0.400000000000000D+01
  0.118304976507968D-04 -0.400000000000000D+01
  0.119294970558285D-04 -0.400000000000000D+01
  0.120293249029500D-04 -0.400000000000000D+01
  0.121299881246907D-04 -0.400000000000000D+01
  0.122314937115926D-04 -0.400000000000000D+01
  0.123338487126957D-04 -0.400000000000000D+01
  0.124370602360271D-04 -0.400000000000000D+01
  0.125411354490954D-04 -0.400000000000000D+01
  0.126460815793876D-04 -0.400000000000000D+01
  0.127519059148717D-04 -0.400000000000000D+01
  0.128586158045024D-04 -0.400000000000000D+01
  0.129662186587316D-04 -0.400000000000000D+01
  0.130747219500229D-04 -0.400000000000000D+01
  0.131841332133707D-04 -0.400000000000000D+01
  0.132944600468235D-04 -0.400000000000000D+01
  0.134057101120111D-04 -0.400000000000000D+01
  0.135178911346773D-04 -0.400000000000000D+01
  0.136310109052160D-04 -0.400000000000000D+01
  0.137450772792122D-04 -0.400000000000000D+01
  0.138600981779878D-04 -0.400000000000000D+01
  0.139760815891514D-04 -0.400000000000000D+01
  0.140930355671531D-04 -0.400000000000000D+01
  0.142109682338440D-04 -0.400000000000000D+01
  0.143298877790400D-04 -0.400000000000000D+01
  0.144498024610906D-04 -0.400000000000000D+01
  0.145707206074526D-04 -0.400000000000000D+01
  0.146926506152679D-04 -0.400000000000000D+01
  0.148156009519473D-04 -0.400000000000000D+01
  0.149395801557580D-04 -0.400000000000000D+01
  0.150645968364167D-04 -0.400000000000000D+01
  0.151906596756877D-04 -0.400000000000000D+01
  0.153177774279854D-04 -0.400000000000000D+01
  0.154459589209826D-04 -0.400000000000000D+01
  0.155752130562233D-04 -0.400000000000000D+01
  0.157055488097412D-04 -0.400000000000000D+01
  0.158369752326826D-04 -0.400000000000000D+01
  0.159695014519353D-04 -0.400000000000000D+01
  0.161031366707621D-04 -0.400000000000000D+01
  0.162378901694404D-04 -0.400000000000000D+01
  0.163737713059061D-04 -0.400000000000000D+01
  0.165107895164038D-04 -0.400000000000000D+01
  0.166489543161422D-04 -0.400000000000000D+01
  0.167882752999545D-04 -0.400000000000000D+01
  0.169287621429651D-04 -0.400000000000000D+01
  0.170704246012611D-04 -0.400000000000000D+01
  0.172132725125702D-04 -0.400000000000000D+01
  0.173573157969436D-04 -0.400000000000000D+01
  0.175025644574452D-04 -0.400000000000000D+01
  0.176490285808457D-04 -0.400000000000000D+01
  0.177967183383238D-04 -0.400000000000000D+01
  0.179456439861720D-04 -0.400000000000000D+01
  0.180958158665089D-04 -0.400000000000000D+01
  0.182472444079978D-04 -0.400000000000000D+01
  0.183999401265704D-04 -0.400000000000000D+01
  0.185539136261575D-04 -0.400000000000000D+01
  0.187091755994250D-04 -0.400000000000000D+01
  0.188657368285168D-04 -0.400000000000000D+01
  0.190236081858035D-04 -0.400000000000000D+01
  0.191828006346371D-04 -0.400000000000000D+01
  0.193433252301129D-04 -0.400000000000000D+01
  0.195051931198366D-04 -0.400000000000000D+01
  0.196684155446990D-04 -0.400000000000000D+01
  0.198330038396564D-04 -0.400000000000000D+01
  0.199989694345175D-04 -0.400000000000000D+01
  0.201663238547377D-04 -0.400000000000000D+01
  0.203350787222188D-04 -0.400000000000000D+01
  0.205052457561167D-04 -0.400000000000000D+01
  0.206768367736550D-04 -0.400000000000000D+01
  0.208498636909455D-04 -0.400000000000000D+01
  0.210243385238158D-04 -0.400000000000000D+01
  0.212002733886440D-04 -0.400000000000000D+01
  0.213776805031997D-04 -0.400000000000000D+01
  0.215565721874926D-04 -0.400000000000000D+01
  0.217369608646284D-04 -0.400000000000000D+01
  0.219188590616709D-04 -0.400000000000000D+01
  0.221022794105126D-04 -0.400000000000000D+01
  0.222872346487513D-04 -0.400000000000000D+01
  0.224737376205751D-04 -0.400000000000000D+01
  0.226618012776543D-04 -0.400000000000000D+01
  0.228514386800406D-04 -0.400000000000000D+01
  0.230426629970744D-04 -0.400000000000000D+01
  0.232354875082988D-04 -0.400000000000000D+01
  0.234299256043825D-04 -0.400000000000000D+01
  0.236259907880491D-04 -0.400000000000000D+01
  0.238236966750152D-04 -0.400000000000000D+01
  0.240230569949358D-04 -0.400000000000000D+01
  0.242240855923576D-04 -0.400000000000000D+01
  0.244267964276807D-04 -0.400000000000000D+01
  0.246312035781278D-04 -0.400000000000000D+01
  0.248373212387222D-04 -0.400000000000000D+01
  0.250451637232731D-04 -0.400000000000000D+01
  0.252547454653699D-04 -0.400000000000000D+01
  0.254660810193844D-04 -0.400000000000000D+01
  0.256791850614818D-04 -0.400000000000000D+01
  0.258940723906395D-04 -0.400000000000000D+01
  0.261107579296750D-04 -0.400000000000000D+01
  0.263292567262823D-04 -0.400000000000000D+01
  0.265495839540768D-04 -0.400000000000000D+01
  0.267717549136489D-04 -0.400000000000000D+01
  0.269957850336268D-04 -0.400000000000000D+01
  0.272216898717477D-04 -0.400000000000000D+01
  0.274494851159384D-04 -0.400000000000000D+01
  0.276791865854046D-04 -0.400000000000000D+01
  0.279108102317296D-04 -0.400000000000000D+01
  0.281443721399819D-04 -0.400000000000000D+01
  0.283798885298323D-04 -0.400000000000000D+01
  0.286173757566803D-04 -0.400000000000000D+01
  0.288568503127899D-04 -0.400000000000000D+01
  0.290983288284349D-04 -0.400000000000000D+01
  0.293418280730536D-04 -0.400000000000000D+01
  0.295873649564136D-04 -0.400000000000000D+01
  0.298349565297862D-04 -0.400000000000000D+01
  0.300846199871300D-04 -0.400000000000000D+01
  0.303363726662855D-04 -0.400000000000000D+01
  0.305902320501788D-04 -0.400000000000000D+01
  0.308462157680358D-04 -0.400000000000000D+01
  0.311043415966065D-04 -0.400000000000000D+01
  0.313646274613993D-04 -0.400000000000000D+01
  0.316270914379262D-04 -0.400000000000000D+01
  0.318917517529576D-04 -0.400000000000000D+01
  0.321586267857885D-04 -0.400000000000000D+01
  0.324277350695144D-04 -0.400000000000000D+01
  0.326990952923189D-04 -0.400000000000000D+01
  0.329727262987708D-04 -0.400000000000000D+01
  0.332486470911334D-04 -0.400000000000000D+01
  0.335268768306837D-04 -0.400000000000000D+01
  0.338074348390432D-04 -0.400000000000000D+01
  0.340903405995197D-04 -0.400000000000000D+01
  0.343756137584602D-04 -0.400000000000000D+01
  0.346632741266154D-04 -0.400000000000000D+01
  0.349533416805154D-04 -0.400000000000000D+01
  0.352458365638568D-04 -0.400000000000000D+01
  0.355407790889020D-04 -0.400000000000000D+01
  0.358381897378891D-04 -0.400000000000000D+01
  0.361380891644552D-04 -0.400000000000000D+01
  0.364404981950696D-04 -0.400000000000000D+01
  0.367454378304812D-04 -0.400000000000000D+01
  0.370529292471759D-04 -0.400000000000000D+01
  0.373629937988480D-04 -0.400000000000000D+01
  0.376756530178827D-04 -0.400000000000000D+01
  0.379909286168513D-04 -0.400000000000000D+01
  0.383088424900194D-04 -0.400000000000000D+01
  0.386294167148670D-04 -0.400000000000000D+01
  0.389526735536219D-04 -0.400000000000000D+01
  0.392786354548056D-04 -0.400000000000000D+01
  0.396073250547922D-04 -0.400000000000000D+01
  0.399387651793805D-04 -0.400000000000000D+01
  0.402729788453791D-04 -0.400000000000000D+01
  0.406099892622045D-04 -0.400000000000000D+01
  0.409498198334934D-04 -0.400000000000000D+01
  0.412924941587276D-04 -0.400000000000000D+01
  0.416380360348730D-04 -0.400000000000000D+01
  0.419864694580320D-04 -0.400000000000000D+01
  0.423378186251101D-04 -0.400000000000000D+01
  0.426921079354963D-04 -0.400000000000000D+01
  0.430493619927573D-04 -0.400000000000000D+01
  0.434096056063462D-04 -0.400000000000000D+01
  0.437728637933253D-04 -0.400000000000000D+01
  0.441391617801037D-04 -0.400000000000000D+01
  0.445085250041888D-04 -0.400000000000000D+01
  0.448809791159528D-04 -0.400000000000000D+01
  0.452565499804143D-04 -0.400000000000000D+01
  0.456352636790344D-04 -0.400000000000000D+01
  0.460171465115275D-04 -0.400000000000000D+01
  0.464022249976884D-04 -0.400000000000000D+01
  0.467905258792332D-04 -0.400000000000000D+01
  0.471820761216571D-04 -0.400000000000000D+01
  0.475769029161065D-04 -0.400000000000000D+01
  0.479750336812674D-04 -0.400000000000000D+01
  0.483764960652697D-04 -0.400000000000000D+01
  0.487813179476068D-04 -0.400000000000000D+01
  0.491895274410722D-04 -0.400000000000000D+01
  0.496011528937115D-04 -0.400000000000000D+01
  0.500162228907910D-04 -0.400000000000000D+01
  0.504347662567827D-04 -0.400000000000000D+01
  0.508568120573665D-04 -0.400000000000000D+01
  0.512823896014480D-04 -0.400000000000000D+01
  0.517115284431946D-04 -0.400000000000000D+01
  0.521442583840869D-04 -0.400000000000000D+01
  0.525806094749894D-04 -0.400000000000000D+01
  0.530206120182365D-04 -0.400000000000000D+01
  0.534642965697371D-04 -0.400000000000000D+01
  0.539116939410967D-04 -0.400000000000000D+01
  0.543628352017571D-04 -0.400000000000000D+01
  0.548177516811538D-04 -0.400000000000000D+01
  0.552764749708917D-04 -0.400000000000000D+01
  0.557390369269392D-04 -0.400000000000000D+01
  0.562054696718404D-04 -0.400000000000000D+01
  0.566758055969454D-04 -0.400000000000000D+01
  0.571500773646603D-04 -0.400000000000000D+01
  0.576283179107152D-04 -0.400000000000000D+01
  0.581105604464512D-04 -0.400000000000000D+01
  0.585968384611271D-04 -0.400000000000000D+01
  0.590871857242450D-04 -0.400000000000000D+01
  0.595816362878952D-04 -0.400000000000000D+01
  0.600802244891210D-04 -0.400000000000000D+01
  0.605829849523036D-04 -0.400000000000000D+01
  0.610899525915659D-04 -0.400000000000000D+01
  0.616011626131979D-04 -0.400000000000000D+01
  0.621166505181008D-04 -0.400000000000000D+01
  0.626364521042531D-04 -0.400000000000000D+01
  0.631606034691959D-04 -0.400000000000000D+01
  0.636891410125404D-04 -0.400000000000000D+01
  0.642221014384949D-04 -0.400000000000000D+01
  0.647595217584143D-04 -0.400000000000000D+01
  0.653014392933702D-04 -0.400000000000000D+01
  0.658478916767425D-04 -0.400000000000000D+01
  0.663989168568329D-04 -0.400000000000000D+01
  0.669545530995005D-04 -0.400000000000000D+01
  0.675148389908187D-04 -0.400000000000000D+01
  0.680798134397552D-04 -0.400000000000000D+01
  0.686495156808737D-04 -0.400000000000000D+01
  0.692239852770587D-04 -0.400000000000000D+01
  0.698032621222632D-04 -0.400000000000000D+01
  0.703873864442787D-04 -0.400000000000000D+01
  0.709763988075288D-04 -0.400000000000000D+01
  0.715703401158866D-04 -0.400000000000000D+01
  0.721692516155151D-04 -0.400000000000000D+01
  0.727731748977313D-04 -0.400000000000000D+01
  0.733821519018947D-04 -0.400000000000000D+01
  0.739962249183197D-04 -0.400000000000000D+01
  0.746154365912127D-04 -0.400000000000000D+01
  0.752398299216331D-04 -0.400000000000000D+01
  0.758694482704798D-04 -0.400000000000000D+01
  0.765043353615022D-04 -0.400000000000000D+01
  0.771445352843368D-04 -0.400000000000000D+01
  0.777900924975689D-04 -0.400000000000000D+01
  0.784410518318199D-04 -0.400000000000000D+01
  0.790974584928608D-04 -0.400000000000000D+01
  0.797593580647513D-04 -0.400000000000000D+01
  0.804267965130054D-04 -0.400000000000000D+01
  0.810998201877836D-04 -0.400000000000000D+01
  0.817784758271116D-04 -0.400000000000000D+01
  0.824628105601259D-04 -0.400000000000000D+01
  0.831528719103469D-04 -0.400000000000000D+01
  0.838487077989790D-04 -0.400000000000000D+01
  0.845503665482386D-04 -0.400000000000000D+01
  0.852578968847097D-04 -0.400000000000000D+01
  0.859713479427278D-04 -0.400000000000000D+01
  0.866907692677919D-04 -0.400000000000000D+01
  0.874162108200055D-04 -0.400000000000000D+01
  0.881477229775455D-04 -0.400000000000000D+01
  0.888853565401615D-04 -0.400000000000000D+01
  0.896291627327028D-04 -0.400000000000000D+01
  0.903791932086761D-04 -0.400000000000000D+01
  0.911355000538325D-04 -0.400000000000000D+01
  0.918981357897848D-04 -0.400000000000000D+01
  0.926671533776544D-04 -0.400000000000000D+01
  0.934426062217494D-04 -0.400000000000000D+01
  0.942245481732735D-04 -0.400000000000000D+01
  0.950130335340654D-04 -0.400000000000000D+01
  0.958081170603697D-04 -0.400000000000000D+01
  0.966098539666398D-04 -0.400000000000000D+01
  0.974182999293719D-04 -0.400000000000000D+01
  0.982335110909716D-04 -0.400000000000000D+01
  0.990555440636528D-04 -0.400000000000000D+01
  0.998844559333689D-04 -0.400000000000000D+01
  0.100720304263777D-03 -0.400000000000000D+01
  0.101563147100237D-03 -0.400000000000000D+01
  0.102413042973839D-03 -0.400000000000000D+01
  0.103270050905472D-03 -0.400000000000000D+01
  0.104134230409920D-03 -0.400000000000000D+01
  0.105005641499995D-03 -0.400000000000000D+01
  0.105884344690708D-03 -0.400000000000000D+01
  0.106770401003466D-03 -0.400000000000000D+01
  0.107663871970313D-03 -0.400000000000000D+01
  0.108564819638203D-03 -0.400000000000000D+01
  0.109473306573310D-03 -0.400000000000000D+01
  0.110389395865368D-03 -0.400000000000000D+01
  0.111313151132057D-03 -0.400000000000000D+01
  0.112244636523421D-03 -0.400000000000000D+01
  0.113183916726319D-03 -0.400000000000000D+01
  0.114131056968919D-03 -0.400000000000000D+01
  0.115086123025232D-03 -0.400000000000000D+01
  0.116049181219672D-03 -0.400000000000000D+01
  0.117020298431668D-03 -0.400000000000000D+01
  0.117999542100305D-03 -0.400000000000000D+01
  0.118986980229010D-03 -0.400000000000000D+01
  0.119982681390270D-03 -0.400000000000000D+01
  0.120986714730402D-03 -0.400000000000000D+01
  0.121999149974345D-03 -0.400000000000000D+01
  0.123020057430509D-03 -0.400000000000000D+01
  0.124049507995657D-03 -0.400000000000000D+01
  0.125087573159823D-03 -0.400000000000000D+01
  0.126134325011285D-03 -0.400000000000000D+01
  0.127189836241563D-03 -0.400000000000000D+01
  0.128254180150472D-03 -0.400000000000000D+01
  0.129327430651213D-03 -0.400000000000000D+01
  0.130409662275500D-03 -0.400000000000000D+01
  0.131500950178744D-03 -0.400000000000000D+01
  0.132601370145263D-03 -0.400000000000000D+01
  0.133710998593555D-03 -0.400000000000000D+01
  0.134829912581595D-03 -0.400000000000000D+01
  0.135958189812195D-03 -0.400000000000000D+01
  0.137095908638392D-03 -0.400000000000000D+01
  0.138243148068897D-03 -0.400000000000000D+01
  0.139399987773574D-03 -0.400000000000000D+01
  0.140566508088979D-03 -0.400000000000000D+01
  0.141742790023937D-03 -0.400000000000000D+01
  0.142928915265166D-03 -0.400000000000000D+01
  0.144124966182950D-03 -0.400000000000000D+01
  0.145331025836862D-03 -0.400000000000000D+01
  0.146547177981529D-03 -0.400000000000000D+01
  0.147773507072451D-03 -0.400000000000000D+01
  0.149010098271861D-03 -0.400000000000000D+01
  0.150257037454647D-03 -0.400000000000000D+01
  0.151514411214307D-03 -0.400000000000000D+01
  0.152782306868970D-03 -0.400000000000000D+01
  0.154060812467455D-03 -0.400000000000000D+01
  0.155350016795385D-03 -0.400000000000000D+01
  0.156650009381359D-03 -0.400000000000000D+01
  0.157960880503160D-03 -0.400000000000000D+01
  0.159282721194033D-03 -0.400000000000000D+01
  0.160615623249001D-03 -0.400000000000000D+01
  0.161959679231242D-03 -0.400000000000000D+01
  0.163314982478518D-03 -0.400000000000000D+01
  0.164681627109655D-03 -0.400000000000000D+01
  0.166059708031079D-03 -0.400000000000000D+01
  0.167449320943407D-03 -0.400000000000000D+01
  0.168850562348095D-03 -0.400000000000000D+01
  0.170263529554137D-03 -0.400000000000000D+01
  0.171688320684823D-03 -0.400000000000000D+01
  0.173125034684555D-03 -0.400000000000000D+01
  0.174573771325715D-03 -0.400000000000000D+01
  0.176034631215596D-03 -0.400000000000000D+01
  0.177507715803390D-03 -0.400000000000000D+01
  0.178993127387229D-03 -0.400000000000000D+01
  0.180490969121293D-03 -0.400000000000000D+01
  0.182001345022969D-03 -0.400000000000000D+01
  0.183524359980082D-03 -0.400000000000000D+01
  0.185060119758169D-03 -0.400000000000000D+01
  0.186608731007834D-03 -0.400000000000000D+01
  0.188170301272146D-03 -0.400000000000000D+01
  0.189744938994112D-03 -0.400000000000000D+01
  0.191332753524208D-03 -0.400000000000000D+01
  0.192933855127968D-03 -0.400000000000000D+01
  0.194548354993649D-03 -0.400000000000000D+01
  0.196176365239944D-03 -0.400000000000000D+01
  0.197817998923776D-03 -0.400000000000000D+01
  0.199473370048142D-03 -0.400000000000000D+01
  0.201142593570038D-03 -0.400000000000000D+01
  0.202825785408432D-03 -0.400000000000000D+01
  0.204523062452325D-03 -0.400000000000000D+01
  0.206234542568859D-03 -0.400000000000000D+01
  0.207960344611509D-03 -0.400000000000000D+01
  0.209700588428331D-03 -0.400000000000000D+01
  0.211455394870291D-03 -0.400000000000000D+01
  0.213224885799651D-03 -0.400000000000000D+01
  0.215009184098438D-03 -0.400000000000000D+01
  0.216808413676973D-03 -0.400000000000000D+01
  0.218622699482477D-03 -0.400000000000000D+01
  0.220452167507749D-03 -0.400000000000000D+01
  0.222296944799916D-03 -0.400000000000000D+01
  0.224157159469252D-03 -0.400000000000000D+01
  0.226032940698079D-03 -0.400000000000000D+01
  0.227924418749738D-03 -0.400000000000000D+01
  0.229831724977629D-03 -0.400000000000000D+01
  0.231754991834342D-03 -0.400000000000000D+01
  0.233694352880848D-03 -0.400000000000000D+01
  0.235649942795776D-03 -0.400000000000000D+01
  0.237621897384767D-03 -0.400000000000000D+01
  0.239610353589905D-03 -0.400000000000000D+01
  0.241615449499225D-03 -0.400000000000000D+01
  0.243637324356306D-03 -0.400000000000000D+01
  0.245676118569934D-03 -0.400000000000000D+01
  0.247731973723862D-03 -0.400000000000000D+01
  0.249805032586635D-03 -0.400000000000000D+01
  0.251895439121506D-03 -0.400000000000000D+01
  0.254003338496437D-03 -0.400000000000000D+01
  0.256128877094175D-03 -0.400000000000000D+01
  0.258272202522421D-03 -0.400000000000000D+01
  0.260433463624081D-03 -0.400000000000000D+01
  0.262612810487600D-03 -0.400000000000000D+01
  0.264810394457386D-03 -0.400000000000000D+01
  0.267026368144319D-03 -0.400000000000000D+01
  0.269260885436353D-03 -0.400000000000000D+01
  0.271514101509196D-03 -0.400000000000000D+01
  0.273786172837093D-03 -0.400000000000000D+01
  0.276077257203689D-03 -0.400000000000000D+01
  0.278387513712984D-03 -0.400000000000000D+01
  0.280717102800387D-03 -0.400000000000000D+01
  0.283066186243854D-03 -0.400000000000000D+01
  0.285434927175124D-03 -0.400000000000001D+01
  0.287823490091047D-03 -0.400000000000001D+01
  0.290232040865007D-03 -0.400000000000001D+01
  0.292660746758444D-03 -0.400000000000001D+01
  0.295109776432464D-03 -0.400000000000001D+01
  0.297579299959556D-03 -0.400000000000001D+01
  0.300069488835403D-03 -0.400000000000001D+01
  0.302580515990789D-03 -0.400000000000001D+01
  0.305112555803607D-03 -0.400000000000001D+01
  0.307665784110975D-03 -0.400000000000001D+01
  0.310240378221439D-03 -0.400000000000001D+01
  0.312836516927292D-03 -0.400000000000001D+01
  0.315454380516987D-03 -0.400000000000001D+01
  0.318094150787660D-03 -0.400000000000001D+01
  0.320756011057749D-03 -0.400000000000001D+01
  0.323440146179734D-03 -0.400000000000001D+01
  0.326146742552965D-03 -0.400000000000001D+01
  0.328875988136611D-03 -0.400000000000001D+01
  0.331628072462713D-03 -0.400000000000001D+01
  0.334403186649343D-03 -0.400000000000001D+01
  0.337201523413880D-03 -0.400000000000001D+01
  0.340023277086391D-03 -0.400000000000001D+01
  0.342868643623124D-03 -0.400000000000001D+01
  0.345737820620124D-03 -0.400000000000001D+01
  0.348631007326944D-03 -0.400000000000001D+01
  0.351548404660491D-03 -0.400000000000001D+01
  0.354490215218976D-03 -0.400000000000001D+01
  0.357456643295979D-03 -0.400000000000001D+01
  0.360447894894642D-03 -0.400000000000001D+01
  0.363464177741975D-03 -0.400000000000001D+01
  0.366505701303274D-03 -0.400000000000001D+01
  0.369572676796677D-03 -0.400000000000001D+01
  0.372665317207825D-03 -0.400000000000001D+01
  0.375783837304657D-03 -0.400000000000002D+01
  0.378928453652321D-03 -0.400000000000002D+01
  0.382099384628216D-03 -0.400000000000002D+01
  0.385296850437157D-03 -0.400000000000002D+01
  0.388521073126665D-03 -0.400000000000002D+01
  0.391772276602389D-03 -0.400000000000002D+01
  0.395050686643656D-03 -0.400000000000002D+01
  0.398356530919147D-03 -0.400000000000002D+01
  0.401690039002709D-03 -0.400000000000002D+01
  0.405051442389299D-03 -0.400000000000002D+01
  0.408440974511058D-03 -0.400000000000002D+01
  0.411858870753525D-03 -0.400000000000002D+01
  0.415305368471978D-03 -0.400000000000002D+01
  0.418780707007921D-03 -0.400000000000002D+01
  0.422285127705705D-03 -0.400000000000002D+01
  0.425818873929288D-03 -0.400000000000002D+01
  0.429382191079132D-03 -0.400000000000002D+01
  0.432975326609249D-03 -0.400000000000003D+01
  0.436598530044385D-03 -0.400000000000003D+01
  0.440252052997344D-03 -0.400000000000003D+01
  0.443936149186466D-03 -0.400000000000003D+01
  0.447651074453247D-03 -0.400000000000003D+01
  0.451397086780099D-03 -0.400000000000003D+01
  0.455174446308273D-03 -0.400000000000003D+01
  0.458983415355921D-03 -0.400000000000003D+01
  0.462824258436313D-03 -0.400000000000003D+01
  0.466697242276207D-03 -0.400000000000004D+01
  0.470602635834370D-03 -0.400000000000004D+01
  0.474540710320258D-03 -0.400000000000004D+01
  0.478511739212848D-03 -0.400000000000004D+01
  0.482515998279631D-03 -0.400000000000004D+01
  0.486553765595763D-03 -0.400000000000004D+01
  0.490625321563375D-03 -0.400000000000004D+01
  0.494730948931045D-03 -0.400000000000004D+01
  0.498870932813435D-03 -0.400000000000005D+01
  0.503045560711089D-03 -0.400000000000005D+01
  0.507255122530400D-03 -0.400000000000005D+01
  0.511499910603741D-03 -0.400000000000005D+01
  0.515780219709769D-03 -0.400000000000005D+01
  0.520096347093890D-03 -0.400000000000005D+01
  0.524448592488909D-03 -0.400000000000006D+01
  0.528837258135838D-03 -0.400000000000006D+01
  0.533262648804888D-03 -0.400000000000006D+01
  0.537725071816633D-03 -0.400000000000006D+01
  0.542224837063355D-03 -0.400000000000006D+01
  0.546762257030559D-03 -0.400000000000007D+01
  0.551337646818679D-03 -0.400000000000007D+01
  0.555951324164953D-03 -0.400000000000007D+01
  0.560603609465497D-03 -0.400000000000007D+01
  0.565294825797548D-03 -0.400000000000008D+01
  0.570025298941904D-03 -0.400000000000008D+01
  0.574795357405546D-03 -0.400000000000008D+01
  0.579605332444449D-03 -0.400000000000008D+01
  0.584455558086592D-03 -0.400000000000009D+01
  0.589346371155150D-03 -0.400000000000009D+01
  0.594278111291882D-03 -0.400000000000009D+01
  0.599251120980727D-03 -0.400000000000010D+01
  0.604265745571577D-03 -0.400000000000010D+01
  0.609322333304266D-03 -0.400000000000010D+01
  0.614421235332753D-03 -0.400000000000011D+01
  0.619562805749505D-03 -0.400000000000011D+01
  0.624747401610090D-03 -0.400000000000011D+01
  0.629975382957970D-03 -0.400000000000012D+01
  0.635247112849507D-03 -0.400000000000012D+01
  0.640562957379173D-03 -0.400000000000013D+01
  0.645923285704975D-03 -0.400000000000013D+01
  0.651328470074088D-03 -0.400000000000013D+01
  0.656778885848712D-03 -0.400000000000014D+01
  0.662274911532131D-03 -0.400000000000014D+01
  0.667816928795005D-03 -0.400000000000015D+01
  0.673405322501872D-03 -0.400000000000015D+01
  0.679040480737872D-03 -0.400000000000016D+01
  0.684722794835705D-03 -0.400000000000016D+01
  0.690452659402799D-03 -0.400000000000017D+01
  0.696230472348718D-03 -0.400000000000017D+01
  0.702056634912795D-03 -0.400000000000018D+01
  0.707931551691993D-03 -0.400000000000019D+01
  0.713855630669006D-03 -0.400000000000019D+01
  0.719829283240587D-03 -0.400000000000020D+01
  0.725852924246122D-03 -0.400000000000021D+01
  0.731926971996434D-03 -0.400000000000021D+01
  0.738051848302836D-03 -0.400000000000022D+01
  0.744227978506422D-03 -0.400000000000023D+01
  0.750455791507604D-03 -0.400000000000024D+01
  0.756735719795900D-03 -0.400000000000024D+01
  0.763068199479964D-03 -0.400000000000025D+01
  0.769453670317875D-03 -0.400000000000026D+01
  0.775892575747674D-03 -0.400000000000027D+01
  0.782385362918158D-03 -0.400000000000028D+01
  0.788932482719936D-03 -0.400000000000029D+01
  0.795534389816736D-03 -0.400000000000030D+01
  0.802191542676981D-03 -0.400000000000031D+01
  0.808904403605628D-03 -0.400000000000032D+01
  0.815673438776274D-03 -0.400000000000033D+01
  0.822499118263526D-03 -0.400000000000034D+01
  0.829381916075646D-03 -0.400000000000035D+01
  0.836322310187471D-03 -0.400000000000036D+01
  0.843320782573604D-03 -0.400000000000038D+01
  0.850377819241883D-03 -0.400000000000039D+01
  0.857493910267136D-03 -0.400000000000040D+01
  0.864669549825210D-03 -0.400000000000041D+01
  0.871905236227292D-03 -0.400000000000043D+01
  0.879201471954512D-03 -0.400000000000044D+01
  0.886558763692839D-03 -0.400000000000046D+01
  0.893977622368267D-03 -0.400000000000047D+01
  0.901458563182296D-03 -0.400000000000049D+01
  0.909002105647712D-03 -0.400000000000051D+01
  0.916608773624662D-03 -0.400000000000052D+01
  0.924279095357034D-03 -0.400000000000054D+01
  0.932013603509143D-03 -0.400000000000056D+01
  0.939812835202719D-03 -0.400000000000058D+01
  0.947677332054208D-03 -0.400000000000060D+01
  0.955607640212385D-03 -0.400000000000062D+01
  0.963604310396281D-03 -0.400000000000064D+01
  0.971667897933429D-03 -0.400000000000066D+01
  0.979798962798426D-03 -0.400000000000068D+01
  0.987998069651822D-03 -0.400000000000071D+01
  0.996265787879332D-03 -0.400000000000073D+01
  0.100460269163138D-02 -0.400000000000076D+01
  0.101300935986296D-02 -0.400000000000078D+01
  0.102148637637386D-02 -0.400000000000081D+01
  0.103003432984919D-02 -0.400000000000084D+01
  0.103865381390027D-02 -0.400000000000086D+01
  0.104734542710583D-02 -0.400000000000089D+01
  0.105610977305362D-02 -0.400000000000092D+01
  0.106494746038231D-02 -0.400000000000096D+01
  0.107385910282372D-02 -0.400000000000099D+01
  0.108284531924550D-02 -0.400000000000102D+01
  0.109190673369407D-02 -0.400000000000106D+01
  0.110104397543796D-02 -0.400000000000109D+01
  0.111025767901152D-02 -0.400000000000113D+01
  0.111954848425897D-02 -0.400000000000117D+01
  0.112891703637887D-02 -0.400000000000121D+01
  0.113836398596887D-02 -0.400000000000125D+01
  0.114788998907093D-02 -0.400000000000129D+01
  0.115749570721688D-02 -0.400000000000133D+01
  0.116718180747434D-02 -0.400000000000138D+01
  0.117694896249305D-02 -0.400000000000142D+01
  0.118679785055159D-02 -0.400000000000147D+01
  0.119672915560447D-02 -0.400000000000152D+01
  0.120674356732966D-02 -0.400000000000157D+01
  0.121684178117643D-02 -0.400000000000163D+01
  0.122702449841370D-02 -0.400000000000168D+01
  0.123729242617869D-02 -0.400000000000174D+01
  0.124764627752607D-02 -0.400000000000180D+01
  0.125808677147747D-02 -0.400000000000186D+01
  0.126861463307137D-02 -0.400000000000192D+01
  0.127923059341350D-02 -0.400000000000199D+01
  0.128993538972761D-02 -0.400000000000206D+01
  0.130072976540662D-02 -0.400000000000213D+01
  0.131161447006430D-02 -0.400000000000220D+01
  0.132259025958729D-02 -0.400000000000227D+01
  0.133365789618760D-02 -0.400000000000235D+01
  0.134481814845556D-02 -0.400000000000243D+01
  0.135607179141318D-02 -0.400000000000251D+01
  0.136741960656795D-02 -0.400000000000260D+01
  0.137886238196716D-02 -0.400000000000268D+01
  0.139040091225258D-02 -0.400000000000278D+01
  0.140203599871568D-02 -0.400000000000287D+01
  0.141376844935326D-02 -0.400000000000297D+01
  0.142559907892353D-02 -0.400000000000307D+01
  0.143752870900276D-02 -0.400000000000317D+01
  0.144955816804227D-02 -0.400000000000328D+01
  0.146168829142599D-02 -0.400000000000339D+01
  0.147391992152849D-02 -0.400000000000350D+01
  0.148625390777343D-02 -0.400000000000362D+01
  0.149869110669259D-02 -0.400000000000375D+01
  0.151123238198534D-02 -0.400000000000387D+01
  0.152387860457862D-02 -0.400000000000400D+01
  0.153663065268740D-02 -0.400000000000414D+01
  0.154948941187572D-02 -0.400000000000428D+01
  0.156245577511812D-02 -0.400000000000443D+01
  0.157553064286172D-02 -0.400000000000458D+01
  0.158871492308868D-02 -0.400000000000473D+01
  0.160200953137933D-02 -0.400000000000489D+01
  0.161541539097569D-02 -0.400000000000506D+01
  0.162893343284563D-02 -0.400000000000523D+01
  0.164256459574748D-02 -0.400000000000541D+01
  0.165630982629526D-02 -0.400000000000559D+01
  0.167017007902439D-02 -0.400000000000578D+01
  0.168414631645799D-02 -0.400000000000597D+01
  0.169823950917372D-02 -0.400000000000618D+01
  0.171245063587119D-02 -0.400000000000639D+01
  0.172678068343989D-02 -0.400000000000660D+01
  0.174123064702780D-02 -0.400000000000683D+01
  0.175580153011040D-02 -0.400000000000706D+01
  0.177049434456043D-02 -0.400000000000730D+01
  0.178531011071814D-02 -0.400000000000755D+01
  0.180024985746212D-02 -0.400000000000780D+01
  0.181531462228080D-02 -0.400000000000807D+01
  0.183050545134445D-02 -0.400000000000834D+01
  0.184582339957786D-02 -0.400000000000862D+01
  0.186126953073360D-02 -0.400000000000891D+01
  0.187684491746586D-02 -0.400000000000922D+01
  0.189255064140498D-02 -0.400000000000953D+01
  0.190838779323256D-02 -0.400000000000985D+01
  0.192435747275717D-02 -0.400000000001018D+01
  0.194046078899074D-02 -0.400000000001053D+01
  0.195669886022559D-02 -0.400000000001089D+01
  0.197307281411210D-02 -0.400000000001126D+01
  0.198958378773697D-02 -0.400000000001164D+01
  0.200623292770222D-02 -0.400000000001203D+01
  0.202302139020482D-02 -0.400000000001244D+01
  0.203995034111698D-02 -0.400000000001286D+01
  0.205702095606708D-02 -0.400000000001330D+01
  0.207423442052136D-02 -0.400000000001375D+01
  0.209159192986620D-02 -0.400000000001421D+01
  0.210909468949119D-02 -0.400000000001470D+01
  0.212674391487277D-02 -0.400000000001519D+01
  0.214454083165869D-02 -0.400000000001571D+01
  0.216248667575309D-02 -0.400000000001624D+01
  0.218058269340237D-02 -0.400000000001679D+01
  0.219883014128169D-02 -0.400000000001736D+01
  0.221723028658226D-02 -0.400000000001795D+01
  0.223578440709934D-02 -0.400000000001856D+01
  0.225449379132098D-02 -0.400000000001919D+01
  0.227335973851750D-02 -0.400000000001984D+01
  0.229238355883170D-02 -0.400000000002051D+01
  0.231156657336985D-02 -0.400000000002120D+01
  0.233091011429345D-02 -0.400000000002192D+01
  0.235041552491174D-02 -0.400000000002267D+01
  0.237008415977495D-02 -0.400000000002343D+01
  0.238991738476840D-02 -0.400000000002423D+01
  0.240991657720737D-02 -0.400000000002505D+01
  0.243008312593269D-02 -0.400000000002590D+01
  0.245041843140724D-02 -0.400000000002678D+01
  0.247092390581319D-02 -0.400000000002768D+01
  0.249160097315006D-02 -0.400000000002862D+01
  0.251245106933360D-02 -0.400000000002959D+01
  0.253347564229555D-02 -0.400000000003060D+01
  0.255467615208414D-02 -0.400000000003163D+01
  0.257605407096551D-02 -0.400000000003270D+01
  0.259761088352596D-02 -0.400000000003381D+01
  0.261934808677503D-02 -0.400000000003496D+01
  0.264126719024945D-02 -0.400000000003614D+01
  0.266336971611799D-02 -0.400000000003737D+01
  0.268565719928717D-02 -0.400000000003864D+01
  0.270813118750783D-02 -0.400000000003995D+01
  0.273079324148263D-02 -0.400000000004130D+01
  0.275364493497443D-02 -0.400000000004270D+01
  0.277668785491556D-02 -0.400000000004415D+01
  0.279992360151806D-02 -0.400000000004564D+01
  0.282335378838479D-02 -0.400000000004719D+01
  0.284698004262146D-02 -0.400000000004879D+01
  0.287080400494968D-02 -0.400000000005044D+01
  0.289482732982085D-02 -0.400000000005215D+01
  0.291905168553107D-02 -0.400000000005392D+01
  0.294347875433700D-02 -0.400000000005575D+01
  0.296811023257268D-02 -0.400000000005764D+01
  0.299294783076733D-02 -0.400000000005959D+01
  0.301799327376414D-02 -0.400000000006161D+01
  0.304324830084005D-02 -0.400000000006370D+01
  0.306871466582653D-02 -0.400000000006586D+01
  0.309439413723139D-02 -0.400000000006809D+01
  0.312028849836158D-02 -0.400000000007040D+01
  0.314639954744701D-02 -0.400000000007279D+01
  0.317272909776549D-02 -0.400000000007525D+01
  0.319927897776859D-02 -0.400000000007780D+01
  0.322605103120864D-02 -0.400000000008044D+01
  0.325304711726679D-02 -0.400000000008317D+01
  0.328026911068207D-02 -0.400000000008599D+01
  0.330771890188165D-02 -0.400000000008890D+01
  0.333539839711204D-02 -0.400000000009191D+01
  0.336330951857155D-02 -0.400000000009503D+01
  0.339145420454371D-02 -0.400000000009825D+01
  0.341983440953192D-02 -0.400000000010158D+01
  0.344845210439515D-02 -0.400000000010503D+01
  0.347730927648482D-02 -0.400000000010859D+01
  0.350640792978281D-02 -0.400000000011227D+01
  0.353575008504063D-02 -0.400000000011607D+01
  0.356533777991974D-02 -0.400000000012001D+01
  0.359517306913307D-02 -0.400000000012407D+01
  0.362525802458769D-02 -0.400000000012828D+01
  0.365559473552871D-02 -0.400000000013263D+01
  0.368618530868436D-02 -0.400000000013712D+01
  0.371703186841228D-02 -0.400000000014177D+01
  0.374813655684709D-02 -0.400000000014657D+01
  0.377950153404908D-02 -0.400000000015154D+01
  0.381112897815428D-02 -0.400000000015668D+01
  0.384302108552569D-02 -0.400000000016199D+01
  0.387518007090580D-02 -0.400000000016748D+01
  0.390760816757040D-02 -0.400000000017316D+01
  0.394030762748370D-02 -0.400000000017903D+01
  0.397328072145464D-02 -0.400000000018509D+01
  0.400652973929469D-02 -0.400000000019137D+01
  0.404005698997677D-02 -0.400000000019785D+01
  0.407386480179566D-02 -0.400000000020456D+01
  0.410795552252965D-02 -0.400000000021149D+01
  0.414233151960360D-02 -0.400000000021866D+01
  0.417699518025334D-02 -0.400000000022607D+01
  0.421194891169148D-02 -0.400000000023374D+01
  0.424719514127450D-02 -0.400000000024166D+01
  0.428273631667142D-02 -0.400000000024985D+01
  0.431857490603368D-02 -0.400000000025832D+01
  0.435471339816664D-02 -0.400000000026707D+01
  0.439115430270230D-02 -0.400000000027613D+01
  0.442790015027370D-02 -0.400000000028549D+01
  0.446495349269057D-02 -0.400000000029516D+01
  0.450231690311658D-02 -0.400000000030517D+01
  0.453999297624802D-02 -0.400000000031551D+01
  0.457798432849400D-02 -0.400000000032620D+01
  0.461629359815815D-02 -0.400000000033726D+01
  0.465492344562180D-02 -0.400000000034869D+01
  0.469387655352877D-02 -0.400000000036051D+01
  0.473315562697167D-02 -0.400000000037273D+01
  0.477276339367970D-02 -0.400000000038536D+01
  0.481270260420815D-02 -0.400000000039842D+01
  0.485297603212934D-02 -0.400000000041193D+01
  0.489358647422529D-02 -0.400000000042589D+01
  0.493453675068191D-02 -0.400000000044033D+01
  0.497582970528486D-02 -0.400000000045525D+01
  0.501746820561702D-02 -0.400000000047068D+01
  0.505945514325764D-02 -0.400000000048664D+01
  0.510179343398318D-02 -0.400000000050313D+01
  0.514448601796970D-02 -0.400000000052018D+01
  0.518753585999715D-02 -0.400000000053781D+01
  0.523094594965520D-02 -0.400000000055604D+01
  0.527471930155084D-02 -0.400000000057489D+01
  0.531885895551778D-02 -0.400000000059438D+01
  0.536336797682749D-02 -0.400000000061452D+01
  0.540824945640213D-02 -0.400000000063535D+01
  0.545350651102915D-02 -0.400000000065689D+01
  0.549914228357774D-02 -0.400000000067915D+01
  0.554515994321713D-02 -0.400000000070217D+01
  0.559156268563661D-02 -0.400000000072597D+01
  0.563835373326750D-02 -0.400000000075058D+01
  0.568553633550691D-02 -0.400000000077602D+01
  0.573311376894340D-02 -0.400000000080232D+01
  0.578108933758453D-02 -0.400000000082951D+01
  0.582946637308629D-02 -0.400000000085763D+01
  0.587824823498447D-02 -0.400000000088670D+01
  0.592743831092797D-02 -0.400000000091675D+01
  0.597704001691407D-02 -0.400000000094782D+01
  0.602705679752561D-02 -0.400000000097995D+01
  0.607749212617023D-02 -0.400000000101316D+01
  0.612834950532158D-02 -0.400000000104750D+01
  0.617963246676255D-02 -0.400000000108301D+01
  0.623134457183050D-02 -0.400000000111972D+01
  0.628348941166463D-02 -0.400000000115767D+01
  0.633607060745532D-02 -0.400000000119691D+01
  0.638909181069563D-02 -0.400000000123748D+01
  0.644255670343489D-02 -0.400000000127942D+01
  0.649646899853434D-02 -0.400000000132278D+01
  0.655083243992504D-02 -0.400000000136762D+01
  0.660565080286781D-02 -0.400000000141397D+01
  0.666092789421545D-02 -0.400000000146190D+01
  0.671666755267708D-02 -0.400000000151145D+01
  0.677287364908470D-02 -0.400000000156268D+01
  0.682955008666205D-02 -0.400000000161564D+01
  0.688670080129562D-02 -0.400000000167040D+01
  0.694432976180801D-02 -0.400000000172702D+01
  0.700244097023352D-02 -0.400000000178555D+01
  0.706103846209610D-02 -0.400000000184607D+01
  0.712012630668956D-02 -0.400000000190864D+01
  0.717970860736018D-02 -0.400000000197334D+01
  0.723978950179169D-02 -0.400000000204022D+01
  0.730037316229256D-02 -0.400000000210937D+01
  0.736146379608579D-02 -0.400000000218087D+01
  0.742306564560104D-02 -0.400000000225478D+01
  0.748518298876930D-02 -0.400000000233121D+01
  0.754782013931992D-02 -0.400000000241022D+01
  0.761098144708018D-02 -0.400000000249191D+01
  0.767467129827740D-02 -0.400000000257637D+01
  0.773889411584351D-02 -0.400000000266370D+01
  0.780365435972221D-02 -0.400000000275398D+01
  0.786895652717867D-02 -0.400000000284732D+01
  0.793480515311189D-02 -0.400000000294383D+01
  0.800120481036956D-02 -0.400000000304361D+01
  0.806816011006569D-02 -0.400000000314676D+01
  0.813567570190077D-02 -0.400000000325342D+01
  0.820375627448471D-02 -0.400000000336369D+01
  0.827240655566239D-02 -0.400000000347770D+01
  0.834163131284206D-02 -0.400000000359557D+01
  0.841143535332633D-02 -0.400000000371744D+01
  0.848182352464606D-02 -0.400000000384343D+01
  0.855280071489701D-02 -0.400000000397370D+01
  0.862437185307923D-02 -0.400000000410838D+01
  0.869654190943941D-02 -0.400000000424763D+01
  0.876931589581605D-02 -0.400000000439160D+01
  0.884269886598742D-02 -0.400000000454044D+01
  0.891669591602262D-02 -0.400000000469433D+01
  0.899131218463542D-02 -0.400000000485344D+01
  0.906655285354112D-02 -0.400000000501794D+01
  0.914242314781642D-02 -0.400000000518801D+01
  0.921892833626223D-02 -0.400000000536385D+01
  0.929607373176962D-02 -0.400000000554565D+01
  0.937386469168872D-02 -0.400000000573361D+01
  0.945230661820079D-02 -0.400000000592794D+01
  0.953140495869335D-02 -0.400000000612886D+01
  0.961116520613851D-02 -0.400000000633658D+01
  0.969159289947440D-02 -0.400000000655135D+01
  0.977269362398981D-02 -0.400000000677339D+01
  0.985447301171211D-02 -0.400000000700297D+01
  0.993693674179829D-02 -0.400000000724032D+01
  0.100200905409294D-01 -0.400000000748571D+01
  0.101039401837083D-01 -0.400000000773942D+01
  0.101884914930605D-01 -0.400000000800173D+01
  0.102737503406388D-01 -0.400000000827294D+01
  0.103597226472305D-01 -0.400000000855333D+01
  0.104464143831695D-01 -0.400000000884322D+01
  0.105338315687499D-01 -0.400000000914294D+01
  0.106219802746448D-01 -0.400000000945282D+01
  0.107108666223276D-01 -0.400000000977320D+01
  0.108004967844969D-01 -0.400000001010444D+01
  0.108908769855056D-01 -0.400000001044691D+01
  0.109820135017929D-01 -0.400000001080098D+01
  0.110739126623201D-01 -0.400000001116705D+01
  0.111665808490104D-01 -0.400000001154553D+01
  0.112600244971916D-01 -0.400000001193683D+01
  0.113542500960437D-01 -0.400000001234140D+01
  0.114492641890488D-01 -0.400000001275967D+01
  0.115450733744461D-01 -0.400000001319213D+01
  0.116416843056896D-01 -0.400000001363924D+01
  0.117391036919106D-01 -0.400000001410150D+01
  0.118373382983836D-01 -0.400000001457943D+01
  0.119363949469955D-01 -0.400000001507355D+01
  0.120362805167201D-01 -0.400000001558442D+01
  0.121370019440956D-01 -0.400000001611261D+01
  0.122385662237058D-01 -0.400000001665869D+01
  0.123409804086667D-01 -0.400000001722329D+01
  0.124442516111156D-01 -0.400000001780701D+01
  0.125483870027052D-01 -0.400000001841052D+01
  0.126533938151018D-01 -0.400000001903448D+01
  0.127592793404873D-01 -0.400000001967959D+01
  0.128660509320658D-01 -0.400000002034656D+01
  0.129737160045741D-01 -0.400000002103613D+01
  0.130822820347966D-01 -0.400000002174907D+01
  0.131917565620845D-01 -0.400000002248618D+01
  0.133021471888796D-01 -0.400000002324826D+01
  0.134134615812420D-01 -0.400000002403617D+01
  0.135257074693826D-01 -0.400000002485078D+01
  0.136388926481998D-01 -0.400000002569300D+01
  0.137530249778210D-01 -0.400000002656376D+01
  0.138681123841482D-01 -0.400000002746403D+01
  0.139841628594087D-01 -0.400000002839481D+01
  0.141011844627100D-01 -0.400000002935713D+01
  0.142191853205992D-01 -0.400000003035206D+01
  0.143381736276279D-01 -0.400000003138071D+01
  0.144581576469207D-01 -0.400000003244422D+01
  0.145791457107494D-01 -0.400000003354377D+01
  0.147011462211115D-01 -0.400000003468057D+01
  0.148241676503137D-01 -0.400000003585591D+01
  0.149482185415602D-01 -0.400000003707107D+01
  0.150733075095462D-01 -0.400000003832741D+01
  0.151994432410557D-01 -0.400000003962633D+01
  0.153266344955653D-01 -0.400000004096926D+01
  0.154548901058521D-01 -0.400000004235770D+01
  0.155842189786073D-01 -0.400000004379319D+01
  0.157146300950544D-01 -0.400000004527733D+01
  0.158461325115736D-01 -0.400000004681176D+01
  0.159787353603298D-01 -0.400000004839819D+01
  0.161124478499076D-01 -0.400000005003837D+01
  0.162472792659501D-01 -0.400000005173413D+01
  0.163832389718045D-01 -0.400000005348736D+01
  0.165203364091715D-01 -0.400000005530000D+01
  0.166585810987617D-01 -0.400000005717406D+01
  0.167979826409563D-01 -0.400000005911162D+01
  0.169385507164738D-01 -0.400000006111484D+01
  0.170802950870428D-01 -0.400000006318594D+01
  0.172232255960793D-01 -0.400000006532722D+01
  0.173673521693705D-01 -0.400000006754106D+01
  0.175126848157641D-01 -0.400000006982992D+01
  0.176592336278635D-01 -0.400000007219633D+01
  0.178070087827283D-01 -0.400000007464293D+01
  0.179560205425815D-01 -0.400000007717242D+01
  0.181062792555219D-01 -0.400000007978763D+01
  0.182577953562427D-01 -0.400000008249146D+01
  0.184105793667561D-01 -0.400000008528689D+01
  0.185646418971244D-01 -0.400000008817705D+01
  0.187199936461963D-01 -0.400000009116514D+01
  0.188766454023501D-01 -0.400000009425448D+01
  0.190346080442430D-01 -0.400000009744849D+01
  0.191938925415663D-01 -0.400000010075072D+01
  0.193545099558075D-01 -0.400000010416484D+01
  0.195164714410183D-01 -0.400000010769465D+01
  0.196797882445890D-01 -0.400000011134405D+01
  0.198444717080300D-01 -0.400000011511709D+01
  0.200105332677592D-01 -0.400000011901798D+01
  0.201779844558960D-01 -0.400000012305104D+01
  0.203468369010624D-01 -0.400000012722074D+01
  0.205171023291906D-01 -0.400000013153172D+01
  0.206887925643371D-01 -0.400000013598876D+01
  0.208619195295037D-01 -0.400000014059680D+01
  0.210364952474661D-01 -0.400000014536097D+01
  0.212125318416082D-01 -0.400000015028655D+01
  0.213900415367641D-01 -0.400000015537901D+01
  0.215690366600673D-01 -0.400000016064400D+01
  0.217495296418068D-01 -0.400000016608737D+01
  0.219315330162898D-01 -0.400000017171515D+01
  0.221150594227127D-01 -0.400000017753360D+01
  0.223001216060387D-01 -0.400000018354917D+01
  0.224867324178826D-01 -0.400000018976854D+01
  0.226749048174036D-01 -0.400000019619861D+01
  0.228646518722050D-01 -0.400000020284651D+01
  0.230559867592419D-01 -0.400000020971963D+01
  0.232489227657361D-01 -0.400000021682560D+01
  0.234434732900990D-01 -0.400000022417229D+01
  0.236396518428618D-01 -0.400000023176787D+01
  0.238374720476139D-01 -0.400000023962075D+01
  0.240369476419491D-01 -0.400000024773967D+01
  0.242380924784194D-01 -0.400000025613361D+01
  0.244409205254970D-01 -0.400000026481191D+01
  0.246454458685444D-01 -0.400000027378418D+01
  0.248516827107928D-01 -0.400000028306039D+01
  0.250596453743279D-01 -0.400000029265082D+01
  0.252693483010849D-01 -0.400000030256612D+01
  0.254808060538514D-01 -0.400000031281729D+01
  0.256940333172785D-01 -0.400000032341570D+01
  0.259090448989007D-01 -0.400000033437311D+01
  0.261258557301642D-01 -0.400000034570168D+01
  0.263444808674641D-01 -0.400000035741397D+01
  0.265649354931892D-01 -0.400000036952298D+01
  0.267872349167772D-01 -0.400000038204214D+01
  0.270113945757774D-01 -0.400000039498534D+01
  0.272374300369229D-01 -0.400000040836693D+01
  0.274653569972116D-01 -0.400000042220176D+01
  0.276951912849961D-01 -0.400000043650518D+01
  0.279269488610833D-01 -0.400000045129304D+01
  0.281606458198425D-01 -0.400000046658176D+01
  0.283962983903229D-01 -0.400000048238828D+01
  0.286339229373812D-01 -0.400000049873014D+01
  0.288735359628175D-01 -0.400000051562546D+01
  0.291151541065216D-01 -0.400000053309298D+01
  0.293587941476282D-01 -0.400000055115206D+01
  0.296044730056827D-01 -0.400000056982274D+01
  0.298522077418155D-01 -0.400000058912572D+01
  0.301020155599273D-01 -0.400000060908240D+01
  0.303539138078838D-01 -0.400000062971491D+01
  0.306079199787199D-01 -0.400000065104612D+01
  0.308640517118551D-01 -0.400000067309968D+01
  0.311223267943185D-01 -0.400000069590006D+01
  0.313827631619832D-01 -0.400000071947251D+01
  0.316453789008130D-01 -0.400000074384318D+01
  0.319101922481173D-01 -0.400000076903908D+01
  0.321772215938184D-01 -0.400000079508813D+01
  0.324464854817283D-01 -0.400000082201922D+01
  0.327180026108361D-01 -0.400000084986220D+01
  0.329917918366072D-01 -0.400000087864791D+01
  0.332678721722923D-01 -0.400000090840828D+01
  0.335462627902480D-01 -0.400000093917627D+01
  0.338269830232678D-01 -0.400000097098599D+01
  0.341100523659252D-01 -0.400000100387268D+01
  0.343954904759273D-01 -0.400000103787279D+01
  0.346833171754796D-01 -0.400000107302399D+01
  0.349735524526632D-01 -0.400000110936524D+01
  0.352662164628222D-01 -0.400000114693678D+01
  0.355613295299639D-01 -0.400000118578025D+01
  0.358589121481698D-01 -0.400000122593868D+01
  0.361589849830192D-01 -0.400000126745656D+01
  0.364615688730238D-01 -0.400000131037988D+01
  0.367666848310756D-01 -0.400000135475617D+01
  0.370743540459053D-01 -0.400000140063459D+01
  0.373845978835542D-01 -0.400000144806596D+01
  0.376974378888580D-01 -0.400000149710281D+01
  0.380128957869427D-01 -0.400000154779942D+01
  0.383309934847337D-01 -0.400000160021196D+01
  0.386517530724766D-01 -0.400000165439844D+01
  0.389751968252718D-01 -0.400000171041887D+01
  0.393013472046208D-01 -0.400000176833527D+01
  0.396302268599868D-01 -0.400000182821176D+01
  0.399618586303669D-01 -0.400000189011462D+01
  0.402962655458782D-01 -0.400000195411238D+01
  0.406334708293579D-01 -0.400000202027586D+01
  0.409734978979748D-01 -0.400000208867831D+01
  0.413163703648565D-01 -0.400000215939543D+01
  0.416621120407289D-01 -0.400000223250546D+01
  0.420107469355694D-01 -0.400000230808932D+01
  0.423622992602748D-01 -0.400000238623063D+01
  0.427167934283422D-01 -0.400000246701586D+01
  0.430742540575647D-01 -0.400000255053438D+01
  0.434347059717406D-01 -0.400000263687857D+01
  0.437981742023979D-01 -0.400000272614396D+01
  0.441646839905318D-01 -0.400000281842927D+01
  0.445342607883584D-01 -0.400000291383658D+01
  0.449069302610815D-01 -0.400000301247139D+01
  0.452827182886754D-01 -0.400000311444277D+01
  0.456616509676820D-01 -0.400000321986349D+01
  0.460437546130229D-01 -0.400000332885009D+01
  0.464290557598270D-01 -0.400000344152306D+01
  0.468175811652733D-01 -0.400000355800696D+01
  0.472093578104488D-01 -0.400000367843054D+01
  0.476044129022225D-01 -0.400000380292691D+01
  0.480027738751344D-01 -0.400000393163364D+01
  0.484044683933012D-01 -0.400000406469296D+01
  0.488095243523369D-01 -0.400000420225190D+01
  0.492179698812904D-01 -0.400000434446244D+01
  0.496298333445985D-01 -0.400000449148168D+01
  0.500451433440564D-01 -0.400000464347202D+01
  0.504639287208029D-01 -0.400000480060134D+01
  0.508862185573244D-01 -0.400000496304316D+01
  0.513120421794735D-01 -0.400000513097687D+01
  0.517414291585063D-01 -0.400000530458790D+01
  0.521744093131355D-01 -0.400000548406792D+01
  0.526110127116014D-01 -0.400000566961506D+01
  0.530512696737600D-01 -0.400000586143413D+01
  0.534952107731884D-01 -0.400000605973684D+01
  0.539428668393079D-01 -0.400000626474202D+01
  0.543942689595253D-01 -0.400000647667588D+01
  0.548494484813914D-01 -0.400000669577225D+01
  0.553084370147782D-01 -0.400000692227282D+01
  0.557712664340739D-01 -0.400000715642742D+01
  0.562379688803963D-01 -0.400000739849431D+01
  0.567085767638251D-01 -0.400000764874042D+01
  0.571831227656525D-01 -0.400000790744166D+01
  0.576616398406526D-01 -0.400000817488326D+01
  0.581441612193702D-01 -0.400000845136000D+01
  0.586307204104282D-01 -0.400000873717662D+01
  0.591213512028549D-01 -0.400000903264807D+01
  0.596160876684303D-01 -0.400000933809994D+01
  0.601149641640523D-01 -0.400000965386872D+01
  0.606180153341223D-01 -0.400000998030225D+01
  0.611252761129516D-01 -0.400001031776006D+01
  0.616367817271870D-01 -0.400001066661375D+01
  0.621525676982573D-01 -0.400001102724743D+01
  0.626726698448399D-01 -0.400001140005809D+01
  0.631971242853486D-01 -0.400001178545610D+01
  0.637259674404414D-01 -0.400001218386558D+01
  0.642592360355498D-01 -0.400001259572491D+01
  0.647969671034295D-01 -0.400001302148720D+01
  0.653391979867320D-01 -0.400001346162078D+01
  0.658859663405975D-01 -0.400001391660969D+01
  0.664373101352703D-01 -0.400001438695422D+01
  0.669932676587356D-01 -0.400001487317147D+01
  0.675538775193782D-01 -0.400001537579587D+01
  0.681191786486636D-01 -0.400001589537980D+01
  0.686892103038418D-01 -0.400001643249416D+01
  0.692640120706737D-01 -0.400001698772902D+01
  0.698436238661796D-01 -0.400001756169420D+01
  0.704280859414115D-01 -0.400001815502001D+01
  0.710174388842483D-01 -0.400001876835786D+01
  0.716117236222148D-01 -0.400001940238100D+01
  0.722109814253231D-01 -0.400002005778526D+01
  0.728152539089394D-01 -0.400002073528976D+01
  0.734245830366733D-01 -0.400002143563772D+01
  0.740390111232925D-01 -0.400002215959725D+01
  0.746585808376611D-01 -0.400002290796218D+01
  0.752833352057026D-01 -0.400002368155291D+01
  0.759133176133882D-01 -0.400002448121730D+01
  0.765485718097493D-01 -0.400002530783159D+01
  0.771891419099159D-01 -0.400002616230134D+01
  0.778350723981803D-01 -0.400002704556237D+01
  0.784864081310860D-01 -0.400002795858182D+01
  0.791431943405427D-01 -0.400002890235917D+01
  0.798054766369679D-01 -0.400002987792728D+01
  0.804733010124539D-01 -0.400003088635354D+01
  0.811467138439618D-01 -0.400003192874100D+01
  0.818257618965423D-01 -0.400003300622957D+01
  0.825104923265828D-01 -0.400003411999718D+01
  0.832009526850831D-01 -0.400003527126112D+01
  0.838971909209565D-01 -0.400003646127930D+01
  0.845992553843603D-01 -0.400003769135158D+01
  0.853071948300533D-01 -0.400003896282121D+01
  0.860210584207815D-01 -0.400004027707622D+01
  0.867408957306923D-01 -0.400004163555090D+01
  0.874667567487770D-01 -0.400004303972736D+01
  0.881986918823425D-01 -0.400004449113708D+01
  0.889367519605117D-01 -0.400004599136258D+01
  0.896809882377532D-01 -0.400004754203904D+01
  0.904314523974410D-01 -0.400004914485609D+01
  0.911881965554433D-01 -0.400005080155958D+01
  0.919512732637418D-01 -0.400005251395345D+01
  0.927207355140814D-01 -0.400005428390164D+01
  0.934966367416496D-01 -0.400005611333004D+01
  0.942790308287881D-01 -0.400005800422855D+01
  0.950679721087340D-01 -0.400005995865319D+01
  0.958635153693932D-01 -0.400006197872826D+01
  0.966657158571453D-01 -0.400006406664858D+01
  0.974746292806797D-01 -0.400006622468184D+01
  0.982903118148649D-01 -0.400006845517092D+01
  0.991128201046491D-01 -0.400007076053643D+01
  0.999422112689941D-01 -0.400007314327922D+01
  0.100778542904842D+00 -0.400007560598301D+01
  0.101621873091114D+00 -0.400007815131710D+01
  0.102472260392747D+00 -0.400008078203919D+01
  0.103329763864754D+00 -0.400008350099826D+01
  0.104194443056334D+00 -0.400008631113751D+01
  0.105066358015000D+00 -0.400008921549753D+01
  0.105945569290751D+00 -0.400009221721938D+01
  0.106832137940281D+00 -0.400009531954791D+01
  0.107726125531212D+00 -0.400009852583517D+01
  0.108627594146376D+00 -0.400010183954383D+01
  0.109536606388122D+00 -0.400010526425085D+01
  0.110453225382665D+00 -0.400010880365114D+01
  0.111377514784470D+00 -0.400011246156144D+01
  0.112309538780674D+00 -0.400011624192422D+01
  0.113249362095539D+00 -0.400012014881180D+01
  0.114197049994950D+00 -0.400012418643057D+01
  0.115152668290950D+00 -0.400012835912529D+01
  0.116116283346302D+00 -0.400013267138357D+01
  0.117087962079107D+00 -0.400013712784053D+01
  0.118067771967445D+00 -0.400014173328353D+01
  0.119055781054062D+00 -0.400014649265710D+01
  0.120052057951099D+00 -0.400015141106797D+01
  0.121056671844851D+00 -0.400015649379037D+01
  0.122069692500576D+00 -0.400016174627135D+01
  0.123091190267337D+00 -0.400016717413637D+01
  0.124121236082890D+00 -0.400017278319502D+01
  0.125159901478608D+00 -0.400017857944695D+01
  0.126207258584450D+00 -0.400018456908793D+01
  0.127263380133969D+00 -0.400019075851615D+01
  0.128328339469365D+00 -0.400019715433871D+01
  0.129402210546573D+00 -0.400020376337827D+01
  0.130485067940407D+00 -0.400021059267995D+01
  0.131576986849731D+00 -0.400021764951841D+01
  0.132678043102687D+00 -0.400022494140517D+01
  0.133788313161957D+00 -0.400023247609614D+01
  0.134907874130073D+00 -0.400024026159941D+01
  0.136036803754777D+00 -0.400024830618323D+01
  0.137175180434412D+00 -0.400025661838423D+01
  0.138323083223371D+00 -0.400026520701600D+01
  0.139480591837587D+00 -0.400027408117776D+01
  0.140647786660069D+00 -0.400028325026342D+01
  0.141824748746481D+00 -0.400029272397090D+01
  0.143011559830775D+00 -0.400030251231165D+01
  0.144208302330863D+00 -0.400031262562053D+01
  0.145415059354345D+00 -0.400032307456598D+01
  0.146631914704277D+00 -0.400033387016050D+01
  0.147858952884992D+00 -0.400034502377134D+01
  0.149096259107967D+00 -0.400035654713169D+01
  0.150343919297744D+00 -0.400036845235205D+01
  0.151602020097891D+00 -0.400038075193199D+01
  0.152870648877027D+00 -0.400039345877229D+01
  0.154149893734881D+00 -0.400040658618734D+01
  0.155439843508416D+00 -0.400042014791805D+01
  0.156740587777997D+00 -0.400043415814497D+01
  0.158052216873608D+00 -0.400044863150196D+01
  0.159374821881130D+00 -0.400046358309009D+01
  0.160708494648666D+00 -0.400047902849208D+01
  0.162053327792916D+00 -0.400049498378711D+01
  0.163409414705611D+00 -0.400051146556599D+01
  0.164776849559997D+00 -0.400052849094688D+01
  0.166155727317379D+00 -0.400054607759137D+01
  0.167546143733709D+00 -0.400056424372106D+01
  0.168948195366244D+00 -0.400058300813459D+01
  0.170361979580242D+00 -0.400060239022514D+01
  0.171787594555732D+00 -0.400062240999849D+01
  0.173225139294325D+00 -0.400064308809146D+01
  0.174674713626096D+00 -0.400066444579101D+01
  0.176136418216512D+00 -0.400068650505371D+01
  0.177610354573422D+00 -0.400070928852592D+01
  0.179096625054111D+00 -0.400073281956436D+01
  0.180595332872404D+00 -0.400075712225735D+01
  0.182106582105835D+00 -0.400078222144659D+01
  0.183630477702874D+00 -0.400080814274954D+01
  0.185167125490218D+00 -0.400083491258233D+01
  0.186716632180136D+00 -0.400086255818344D+01
  0.188279105377881D+00 -0.400089110763781D+01
  0.189854653589165D+00 -0.400092058990176D+01
  0.191443386227691D+00 -0.400095103482843D+01
  0.193045413622754D+00 -0.400098247319400D+01
  0.194660847026899D+00 -0.400101493672447D+01
  0.196289798623650D+00 -0.400104845812322D+01
  0.197932381535302D+00 -0.400108307109925D+01
  0.199588709830772D+00 -0.400111881039606D+01
  0.201258898533524D+00 -0.400115571182138D+01
  0.202943063629555D+00 -0.400119381227754D+01
  0.204641322075453D+00 -0.400123314979266D+01
  0.206353791806514D+00 -0.400127376355252D+01
  0.208080591744934D+00 -0.400131569393328D+01
  0.209821841808072D+00 -0.400135898253493D+01
  0.211577662916769D+00 -0.400140367221561D+01
  0.213348177003752D+00 -0.400144980712662D+01
  0.215133507022101D+00 -0.400149743274835D+01
  0.216933776953784D+00 -0.400154659592700D+01
  0.218749111818269D+00 -0.400159734491208D+01
  0.220579637681208D+00 -0.400164972939487D+01
  0.222425481663188D+00 -0.400170380054761D+01
  0.224286771948560D+00 -0.400175961106361D+01
  0.226163637794343D+00 -0.400181721519821D+01
  0.228056209539196D+00 -0.400187666881061D+01
  0.229964618612473D+00 -0.400193802940658D+01
  0.231888997543350D+00 -0.400200135618201D+01
  0.233829479970025D+00 -0.400206671006739D+01
  0.235786200649002D+00 -0.400213415377312D+01
  0.237759295464449D+00 -0.400220375183573D+01
  0.239748901437631D+00 -0.400227557066495D+01
  0.241755156736429D+00 -0.400234967859169D+01
  0.243778200684935D+00 -0.400242614591685D+01
  0.245818173773124D+00 -0.400250504496099D+01
  0.247875217666614D+00 -0.400258645011489D+01
  0.249949475216502D+00 -0.400267043789091D+01
  0.252041090469285D+00 -0.400275708697519D+01
  0.254150208676863D+00 -0.400284647828067D+01
  0.256276976306626D+00 -0.400293869500088D+01
  0.258421541051624D+00 -0.400303382266455D+01
  0.260584051840827D+00 -0.400313194919088D+01
  0.262764658849464D+00 -0.400323316494566D+01
  0.264963513509454D+00 -0.400333756279792D+01
  0.267180768519922D+00 -0.400344523817741D+01
  0.269416577857799D+00 -0.400355628913252D+01
  0.271671096788522D+00 -0.400367081638897D+01
  0.273944481876813D+00 -0.400378892340885D+01
  0.276236890997548D+00 -0.400391071645024D+01
  0.278548483346728D+00 -0.400403630462726D+01
  0.280879419452527D+00 -0.400416579997044D+01
  0.283229861186445D+00 -0.400429931748742D+01
  0.285599971774547D+00 -0.400443697522383D+01
  0.287989915808799D+00 -0.400457889432440D+01
  0.290399859258497D+00 -0.400472519909405D+01
  0.292829969481793D+00 -0.400487601705901D+01
  0.295280415237319D+00 -0.400503147902780D+01
  0.297751366695903D+00 -0.400519171915192D+01
  0.300242995452390D+00 -0.400535687498629D+01
  0.302755474537555D+00 -0.400552708754916D+01
  0.305288978430123D+00 -0.400570250138142D+01
  0.307843683068882D+00 -0.400588326460516D+01
  0.310419765864904D+00 -0.400606952898134D+01
  0.313017405713861D+00 -0.400626144996644D+01
  0.315636783008455D+00 -0.400645918676779D+01
  0.318278079650939D+00 -0.400666290239752D+01
  0.320941479065752D+00 -0.400687276372493D+01
  0.323627166212257D+00 -0.400708894152692D+01
  0.326335327597586D+00 -0.400731161053650D+01
  0.329066151289590D+00 -0.400754094948884D+01
  0.331819826929900D+00 -0.400777714116489D+01
  0.334596545747098D+00 -0.400802037243210D+01
  0.337396500569996D+00 -0.400827083428202D+01
  0.340219885841026D+00 -0.400852872186448D+01
  0.343066897629744D+00 -0.400879423451802D+01
  0.345937733646446D+00 -0.400906757579617D+01
  0.348832593255899D+00 -0.400934895348928D+01
  0.351751677491182D+00 -0.400963857964149D+01
  0.354695189067654D+00 -0.400993667056235D+01
  0.357663332397021D+00 -0.401024344683282D+01
  0.360656313601542D+00 -0.401055913330496D+01
  0.363674340528336D+00 -0.401088395909503D+01
  0.366717622763820D+00 -0.401121815756933D+01
  0.369786371648261D+00 -0.401156196632233D+01
  0.372880800290453D+00 -0.401191562714639D+01
  0.376001123582519D+00 -0.401227938599264D+01
  0.379147558214828D+00 -0.401265349292217D+01
  0.382320322691052D+00 -0.401303820204698D+01
  0.385519637343331D+00 -0.401343377145991D+01
  0.388745724347579D+00 -0.401384046315283D+01
  0.391998807738914D+00 -0.401425854292225D+01
  0.395279113427211D+00 -0.401468828026154D+01
  0.398586869212795D+00 -0.401512994823882D+01
  0.401922304802257D+00 -0.401558382335964D+01
  0.405285651824410D+00 -0.401605018541348D+01
  0.408677143846371D+00 -0.401652931730292D+01
  0.412097016389783D+00 -0.401702150485454D+01
  0.415545506947167D+00 -0.401752703661033D+01
  0.419022854998422D+00 -0.401804620359835D+01
  0.422529302027448D+00 -0.401857929908156D+01
  0.426065091538920D+00 -0.401912661828325D+01
  0.429630469075197D+00 -0.401968845808795D+01
  0.433225682233375D+00 -0.402026511671609D+01
  0.436850980682479D+00 -0.402085689337112D+01
  0.440506616180803D+00 -0.402146408785730D+01
  0.444192842593391D+00 -0.402208700016668D+01
  0.447909915909671D+00 -0.402272593003327D+01
  0.451658094261228D+00 -0.402338117645277D+01
  0.455437637939732D+00 -0.402405303716586D+01
  0.459248809415011D+00 -0.402474180810302D+01
  0.463091873353285D+00 -0.402544778278877D+01
  0.466967096635537D+00 -0.402617125170322D+01
  0.470874748376053D+00 -0.402691250159849D+01
  0.474815099941107D+00 -0.402767181476777D+01
  0.478788424967808D+00 -0.402844946826438D+01
  0.482794999383103D+00 -0.402924573306833D+01
  0.486835101422935D+00 -0.403006087319752D+01
  0.490909011651570D+00 -0.403089514476101D+01
  0.495017012981078D+00 -0.403174879495108D+01
  0.499159390690979D+00 -0.403262206097128D+01
  0.503336432448058D+00 -0.403351516889717D+01
  0.507548428326336D+00 -0.403442833246649D+01
  0.511795670827222D+00 -0.403536175179517D+01
  0.516078454899816D+00 -0.403631561201588D+01
  0.520397077961402D+00 -0.403729008183514D+01
  0.524751839918094D+00 -0.403828531200536D+01
  0.529143043185666D+00 -0.403930143370770D+01
  0.533570992710556D+00 -0.404033855684169D+01
  0.538035995991036D+00 -0.404139676821744D+01
  0.542538363098574D+00 -0.404247612964586D+01
  0.547078406699362D+00 -0.404357667592258D+01
  0.551656442076030D+00 -0.404469841270075D+01
  0.556272787149541D+00 -0.404584131424796D+01
  0.560927762501269D+00 -0.404700532108239D+01
  0.565621691395263D+00 -0.404819033748301D+01
  0.570354899800692D+00 -0.404939622886876D+01
  0.575127716414487D+00 -0.405062281904126D+01
  0.579940472684165D+00 -0.405186988728563D+01
  0.584793502830845D+00 -0.405313716532394D+01
  0.589687143872460D+00 -0.405442433411547D+01
  0.594621735647159D+00 -0.405573102049816D+01
  0.599597620836911D+00 -0.405705679366528D+01
  0.604615144991297D+00 -0.405840116147149D+01
  0.609674656551512D+00 -0.405976356656217D+01
  0.614776506874558D+00 -0.406114338232021D+01
  0.619921050257647D+00 -0.406253990862394D+01
  0.625108643962803D+00 -0.406395236741037D+01
  0.630339648241675D+00 -0.406537989803762D+01
  0.635614426360550D+00 -0.406682155244049D+01
  0.640933344625584D+00 -0.406827629007345D+01
  0.646296772408239D+00 -0.406974297263503D+01
  0.651705082170933D+00 -0.407122035856819D+01
  0.657158649492906D+00 -0.407270709733105D+01
  0.662657853096303D+00 -0.407420172343288D+01
  0.668203074872473D+00 -0.407570265023037D+01
  0.673794699908490D+00 -0.407720816347962D+01
  0.679433116513895D+00 -0.407871641463963D+01
  0.685118716247664D+00 -0.408022541392369D+01
  0.690851893945395D+00 -0.408173302309530D+01
  0.696633047746733D+00 -0.408323694800632D+01
  0.702462579123015D+00 -0.408473473087527D+01
  0.708340892905152D+00 -0.408622374230492D+01
  0.714268397311742D+00 -0.408770117303887D+01
  0.720245503977416D+00 -0.408916402545803D+01
  0.726272627981428D+00 -0.409060910481909D+01
  0.732350187876479D+00 -0.409203301023795D+01
  0.738478605717782D+00 -0.409343212542297D+01
  0.744658307092372D+00 -0.409480260916405D+01
  0.750889721148660D+00 -0.409614038558531D+01
  0.757173280626240D+00 -0.409744113417113D+01
  0.763509421885932D+00 -0.409870027957720D+01
  0.769898584940094D+00 -0.409991298124034D+01
  0.776341213483170D+00 -0.410107412280356D+01
  0.782837754922512D+00 -0.410217830137506D+01
  0.789388660409439D+00 -0.410321981664292D+01
  0.795994384870578D+00 -0.410419265987029D+01
  0.802655387039448D+00 -0.410509050279904D+01
  0.809372129488322D+00 -0.410590668649337D+01
  0.816145078660346D+00 -0.410663421015883D+01
  0.822974704901934D+00 -0.410726571997609D+01
  0.829861482495432D+00 -0.410779349799306D+01
  0.836805889692052D+00 -0.410820945112378D+01
  0.843808408745083D+00 -0.410850510030719D+01
  0.850869525943385D+00 -0.410867156988391D+01
  0.857989731645158D+00 -0.410869957725505D+01
  0.865169520311991D+00 -0.410857942289221D+01
  0.872409390543206D+00 -0.410830098077408D+01
  0.879709845110478D+00 -0.410785368933139D+01
  0.887071390992752D+00 -0.410722654298812D+01
  0.894494539411451D+00 -0.410640808439384D+01
  0.901979805865976D+00 -0.410538639744867D+01
  0.909527710169506D+00 -0.410414910122977D+01
  0.917138776485095D+00 -0.410268334493512D+01
  0.924813533362074D+00 -0.410097580396777D+01
  0.932552513772755D+00 -0.409901267729098D+01
  0.940356255149443D+00 -0.409677968619225D+01
  0.948225299421758D+00 -0.409426207460081D+01
  0.956160193054271D+00 -0.409144461111091D+01
  0.964161487084451D+00 -0.408831159286938D+01
  0.972229737160933D+00 -0.408484685149266D+01
  0.980365503582101D+00 -0.408103376118429D+01
  0.988569351335007D+00 -0.407685524922921D+01
  0.996841850134595D+00 -0.407229380904570D+01
  0.100518357446327D+01 -0.406733151597958D+01
  0.101359510361081D+01 -0.406195004602781D+01
  0.102207702171455D+01 -0.405613069768013D+01
  0.103062991779999D+01 -0.404985441706727D+01
  0.103925438582169D+01 -0.404310182660279D+01
  0.104795102470450D+01 -0.403585325730199D+01
  0.105672043838518D+01 -0.402808878495612D+01
  0.106556323585431D+01 -0.401978827033202D+01
  0.107448003119859D+01 -0.401093140355769D+01
  0.108347144364353D+01 -0.400149775284072D+01
  0.109253809759636D+01 -0.399146681765136D+01
  0.110168062268948D+01 -0.398081808648223D+01
  0.111089965382414D+01 -0.396953109927517D+01
  0.112019583121454D+01 -0.395758551457893D+01
  0.112956980043229D+01 -0.394496118147230D+01
  0.113902221245124D+01 -0.393163821625338D+01
  0.114855372369270D+01 -0.391759708385815D+01
  0.115816499607099D+01 -0.390281868392978D+01
  0.116785669703945D+01 -0.388728444141417D+01
  0.117762949963676D+01 -0.387097640150740D+01
  0.118748408253370D+01 -0.385387732872672D+01
  0.119742113008026D+01 -0.383597080981889D+01
  0.120744133235319D+01 -0.381724136015827D+01
  0.121754538520388D+01 -0.379767453322242D+01
  0.122773399030674D+01 -0.377725703266544D+01
  0.123800785520789D+01 -0.375597682643951D+01
  0.124836769337428D+01 -0.373382326234352D+01
  0.125881422424330D+01 -0.371078718430535D+01
  0.126934817327266D+01 -0.368686104863214D+01
  0.127997027199085D+01 -0.366203903939103D+01
  0.129068125804788D+01 -0.363631718201380D+01
  0.130148187526652D+01 -0.360969345415226D+01
  0.131237287369399D+01 -0.358216789274980D+01
  0.132335500965398D+01 -0.355374269623841D+01
  0.133442904579926D+01 -0.352442232072183D+01
  0.134559575116454D+01 -0.349421356896579D+01
  0.135685590121998D+01 -0.346312567098651D+01
  0.136821027792496D+01 -0.343117035501044D+01
  0.137965966978243D+01 -0.339836190757359D+01
  0.139120487189365D+01 -0.336471722153798D+01
  0.140284668601340D+01 -0.333025583082805D+01
  0.141458592060567D+01 -0.329499993073132D+01
  0.142642339089981D+01 -0.325897438266709D+01
  0.143835991894712D+01 -0.322220670240416D+01
  0.145039633367796D+01 -0.318472703080433D+01
  0.146253347095930D+01 -0.314656808628256D+01
  0.147477217365278D+01 -0.310776509830723D+01
  0.148711329167321D+01 -0.306835572141305D+01
  0.149955768204765D+01 -0.302837992936580D+01
  0.151210620897487D+01 -0.298787988929854D+01
  0.152475974388540D+01 -0.294689981583291D+01
  0.153751916550202D+01 -0.290548580540416D+01
  0.155038535990081D+01 -0.286368565122173D+01
  0.156335922057265D+01 -0.282154863951659D+01
  0.157644164848532D+01 -0.277912532794853D+01
  0.158963355214600D+01 -0.273646730726943D+01
  0.160293584766443D+01 -0.269362694755801D+01
  0.161634945881646D+01 -0.265065713055677D+01
  0.162987531710826D+01 -0.260761096984889D+01
  0.164351436184098D+01 -0.256454152081169D+01
  0.165726754017599D+01 -0.252150148247140D+01
  0.167113580720064D+01 -0.247854289356274D+01
  0.168512012599461D+01 -0.243571682526604D+01
  0.169922146769677D+01 -0.239307307325727D+01
  0.171344081157262D+01 -0.235065985186582D+01
  0.172777914508231D+01 -0.230852349329631D+01
  0.174223746394921D+01 -0.226670815504175D+01
  0.175681677222905D+01 -0.222525553880359D+01
  0.177151808237966D+01 -0.218420462445176D+01
  0.178634241533126D+01 -0.214359142281621D+01
  0.180129080055737D+01 -0.210344875141481D+01
  0.181636427614631D+01 -0.206380603760835D+01
  0.183156388887327D+01 -0.202468915414632D+01
  0.184689069427302D+01 -0.198612029264747D+01
  0.186234575671322D+01 -0.194811788126411D+01
  0.187793014946829D+01 -0.191069655362635D+01
  0.189364495479399D+01 -0.187386717716901D+01
  0.190949126400257D+01 -0.183763695012389D+01
  0.192547017753854D+01 -0.180200957782390D+01
  0.194158280505508D+01 -0.176698554052021D+01
  0.195783026549114D+01 -0.173256246666057D+01
  0.197421368714912D+01 -0.169873562751390D+01
  0.199073420777321D+01 -0.166549857114582D+01
  0.200739297462843D+01 -0.163284390680770D+01
  0.202419114458028D+01 -0.160076402180531D+01
  0.204112988417509D+01 -0.156925130435990D+01
  0.205821036972104D+01 -0.153829815030623D+01
  0.207543378736981D+01 -0.150789696155428D+01
  0.209280133319900D+01 -0.147804014506987D+01
  0.211031421329515D+01 -0.144872011225488D+01
  0.212797364383755D+01 -0.141992927890482D+01
  0.214578085118261D+01 -0.139166006551119D+01
  0.216373707194913D+01 -0.136390489818873D+01
  0.218184355310410D+01 -0.133665620984057D+01
  0.220010155204931D+01 -0.130990644212523D+01
  0.221851233670870D+01 -0.128364804695627D+01
  0.223707718561638D+01 -0.125787349281417D+01
  0.225579738800542D+01 -0.123257525455826D+01
  0.227467424389742D+01 -0.120774584208310D+01
  0.229370906419271D+01 -0.118337777506037D+01
  0.231290317076147D+01 -0.115946360953156D+01
  0.233225789653549D+01 -0.113599592737526D+01
  0.235177458560072D+01 -0.111296735129810D+01
  0.237145459329063D+01 -0.109037054309564D+01
  0.239129928628034D+01 -0.106819821271501D+01
  0.241131004268149D+01 -0.104644312205119D+01
  0.243148825213800D+01 -0.102509809120239D+01
  0.245183531592251D+01 -0.100415600474781D+01
  0.247235264703374D+01 -0.983609817232339D+00
  0.249304167029460D+01 -0.963452560418956D+00
  0.251390382245114D+01 -0.943677348824746D+00
  0.253494055227229D+01 -0.924277387298137D+00
  0.255615332065054D+01 -0.905245976730314D+00
  0.257754360070331D+01 -0.886576521789153D+00
  0.259911287787533D+01 -0.868262536532132D+00
  0.262086265004172D+01 -0.850297652376913D+00
  0.264279442761209D+01 -0.832675623089098D+00
  0.266490973363534D+01 -0.815390333199505D+00
  0.268721010390550D+01 -0.798435801740696D+00
  0.270969708706837D+01 -0.781806191109775D+00
  0.273237224472904D+01 -0.765495809447269D+00
  0.275523715156034D+01 -0.749499118941993D+00
  0.277829339541221D+01 -0.733810739935591D+00
  0.280154257742196D+01 -0.718425447158258D+00
  0.282498631212547D+01 -0.703338191069272D+00
  0.284862622756929D+01 -0.688544082872516D+00
  0.287246396542372D+01 -0.674038404234297D+00
  0.289650118109679D+01 -0.659816608616995D+00
  0.292073954384926D+01 -0.645874319594987D+00
  0.294518073691050D+01 -0.632207331173227D+00
  0.296982645759540D+01 -0.618811605397469D+00
  0.299467841742227D+01 -0.605683269595243D+00
  0.301973834223161D+01 -0.592818612284624D+00
  0.304500797230607D+01 -0.580214077936973D+00
  0.307048906249122D+01 -0.567866260728971D+00
  0.309618338231744D+01 -0.555771896952044D+00
  0.312209271612285D+01 -0.543927856660038D+00
  0.314821886317712D+01 -0.532331133557359D+00
  0.317456363780654D+01 -0.520978835622928D+00
  0.320112886951994D+01 -0.509868172380976D+00
  0.322791640313573D+01 -0.498996442574604D+00
  0.325492809891009D+01 -0.488361021996487D+00
  0.328216583266606D+01 -0.477959349415613D+00
  0.330963149592389D+01 -0.467788912542981D+00
  0.333732699603235D+01 -0.457847233650061D+00
  0.336525425630117D+01 -0.448131854993731D+00
  0.339341521613465D+01 -0.438640324238768D+00
  0.342181183116634D+01 -0.429370179983049D+00
  0.345044607339478D+01 -0.420318937579440D+00
  0.347931993132053D+01 -0.411484075354173D+00
  0.350843541008423D+01 -0.402863021405865D+00
  0.353779453160581D+01 -0.394453141070703D+00
  0.356739933472496D+01 -0.386251725217077D+00
  0.359725187534268D+01 -0.378255979429576D+00
  0.362735422656408D+01 -0.370463014260493D+00
  0.365770847884229D+01 -0.362869836462792D+00
  0.368831674012371D+01 -0.355473341510693D+00
  0.371918113599434D+01 -0.348270307632565D+00
  0.375030380982741D+01 -0.341257389614883D+00
  0.378168692293221D+01 -0.334431115939265D+00
  0.381333265470422D+01 -0.327787886732110D+00
  0.384524320277642D+01 -0.321323971487534D+00
  0.387742078317190D+01 -0.315035509596501D+00
  0.390986763045780D+01 -0.308918511594625D+00
  0.394258599790044D+01 -0.302968861707676D+00
  0.397557815762182D+01 -0.297182321553511D+00
  0.400884640075740D+01 -0.291554535012671D+00
  0.404239303761522D+01 -0.286081034166721D+00
  0.407622039783630D+01 -0.280757246305293D+00
  0.411033083055650D+01 -0.275578501893467D+00
  0.414472670456956D+01 -0.270540043495684D+00
  0.417941040849167D+01 -0.265637035543484D+00
  0.421438435092731D+01 -0.260864574940308D+00
  0.424965096063656D+01 -0.256217702387126D+00
  0.428521268670369D+01 -0.251691414421101D+00
  0.432107199870731D+01 -0.247280676045926D+00
  0.435723138689183D+01 -0.242980433944899D+00
  0.439369336234040D+01 -0.238785630149600D+00
  0.443046045714932D+01 -0.234691216150160D+00
  0.446753522460382D+01 -0.230692167314669D+00
  0.450492023935543D+01 -0.226783497595096D+00
  0.454261809760077D+01 -0.222960274379732D+00
  0.458063141726179D+01 -0.219217633459798D+00
  0.461896283816765D+01 -0.215550793960152D+00
  0.465761502223798D+01 -0.211955073191728D+00
  0.469659065366776D+01 -0.208425901265450D+00
  0.473589243911373D+01 -0.204958835415921D+00
  0.477552310788233D+01 -0.201549573865468D+00
  0.481548541211927D+01 -0.198193969170619D+00
  0.485578212700062D+01 -0.194888040877554D+00
  0.489641605092557D+01 -0.191627987425713D+00
  0.493739000571070D+01 -0.188410197128817D+00
  0.497870683678601D+01 -0.185231258176967D+00
  0.502036941339249D+01 -0.182087967499255D+00
  0.506238062878137D+01 -0.178977338443817D+00
  0.510474340041505D+01 -0.175896607132991D+00
  0.514746067016968D+01 -0.172843237472886D+00
  0.519053540453951D+01 -0.169814924702339D+00
  0.523397059484284D+01 -0.166809597489695D+00
  0.527776925742978D+01 -0.163825418497235D+00
  0.532193443389174D+01 -0.160860783456531D+00
  0.536646919127260D+01 -0.157914318714130D+00
  0.541137662228175D+01 -0.154984877327295D+00
  0.545665984550882D+01 -0.152071533710618D+00
  0.550232200564030D+01 -0.149173576948518D+00
  0.554836627367789D+01 -0.146290502812494D+00
  0.559479584715869D+01 -0.143422004629741D+00
  0.564161395037731D+01 -0.140567963072339D+00
  0.568882383460972D+01 -0.137728435038776D+00
  0.573642877833909D+01 -0.134903641718251D+00
  0.578443208748341D+01 -0.132093956023410D+00
  0.583283709562511D+01 -0.129299889494826D+00
  0.588164716424254D+01 -0.126522078864371D+00
  0.593086568294342D+01 -0.123761272383684D+00
  0.598049606970022D+01 -0.121018316096330D+00
  0.603054177108751D+01 -0.118294140152049D+00
  0.608100626252134D+01 -0.115589745326232D+00
  0.613189304850055D+01 -0.112906189823417D+00
  0.618320566285019D+01 -0.110244576514026D+00
  0.623494766896687D+01 -0.107606040653676D+00
  0.628712266006625D+01 -0.104991738150101D+00
  0.633973425943258D+01 -0.102402834685637D+00
  0.639278612067027D+01 -0.998404952425249D-01
  0.644628192795770D+01 -0.973058744886685D-01
  0.650022539630296D+01 -0.948001081251293D-01
  0.655462027180194D+01 -0.923243048137084D-01
  0.660947033189840D+01 -0.898795389994584D-01
  0.666477938564633D+01 -0.874668445129058D-01
  0.672055127397447D+01 -0.850872089800185D-01
  0.677678986995304D+01 -0.827415689873527D-01
  0.683349907906269D+01 -0.804308060091756D-01
  0.689068283946574D+01 -0.781557430316516D-01
  0.694834512227963D+01 -0.759171418707483D-01
  0.700648993185274D+01 -0.737157011111783D-01
  0.706512130604243D+01 -0.715520546563418D-01
  0.712424331649547D+01 -0.694267708127413D-01
  0.718386006893079D+01 -0.673403518955256D-01
  0.724397570342460D+01 -0.652932342783856D-01
  0.730459439469791D+01 -0.632857888732980D-01
  0.736572035240640D+01 -0.613183219661422D-01
  0.742735782143283D+01 -0.593910763940120D-01
  0.748951108218175D+01 -0.575042329954079D-01
  0.755218445087681D+01 -0.556579123205250D-01
  0.761538227986046D+01 -0.538521765392453D-01
  0.767910895789623D+01 -0.520870315364225D-01
  0.774336891047347D+01 -0.503624291387219D-01
  0.780816660011473D+01 -0.486782694657934D-01
  0.787350652668559D+01 -0.470344033566462D-01
  0.793939322770723D+01 -0.454306348675451D-01
  0.800583127867145D+01 -0.438667237984713D-01
  0.807282529335852D+01 -0.423423882477712D-01
  0.814037992415747D+01 -0.408573071578383D-01
  0.820849986238927D+01 -0.394111228555167D-01
  0.827718983863255D+01 -0.380034435531377D-01
  0.834645462305216D+01 -0.366338458196418D-01
  0.841629902573041D+01 -0.353018769894220D-01
  0.848672789700111D+01 -0.340070575226832D-01
  0.855774612778640D+01 -0.327488832882325D-01
  0.862935864993641D+01 -0.315268277842535D-01
  0.870157043657172D+01 -0.303403442715184D-01
  0.877438650242878D+01 -0.291888678362902D-01
  0.884781190420807D+01 -0.280718173600727D-01
  0.892185174092534D+01 -0.269885974141370D-01
  0.899651115426568D+01 -0.259386000590234D-01
  0.907179532894057D+01 -0.249212065673688D-01
  0.914770949304795D+01 -0.239357890517445D-01
  0.922425891843529D+01 -0.229817120171136D-01
  0.930144892106565D+01 -0.220583338205005D-01
  0.937928486138692D+01 -0.211650080578782D-01
  0.945777214470401D+01 -0.203010848620011D-01
  0.953691622155425D+01 -0.194659121314216D-01
  0.961672258808589D+01 -0.186588366750785D-01
  0.969719678643978D+01 -0.178792052926312D-01
  0.977834440513428D+01 -0.171263657757448D-01
  0.986017107945328D+01 -0.163996678501825D-01
  0.994268249183761D+01 -0.156984640443564D-01
  0.100258843722796D+02 -0.150221105040133D-01
  0.101097824987211D+02 -0.143699677390472D-01
  0.101943826974546D+02 -0.137414013217634D-01
  0.102796908435279D+02 -0.131357825225629D-01
  0.103657128611520D+02 -0.125524889026787D-01
  0.104524547241128D+02 -0.119909048493904D-01
  0.105399224561856D+02 -0.114504220731736D-01
  0.106281221315537D+02 -0.109304400525419D-01
  0.107170598752299D+02 -0.104303664453643D-01
  0.108067418634821D+02 -0.994961745296279D-02
  0.108971743242623D+02 -0.948761815337197D-02
  0.109883635376388D+02 -0.904380280300718D-02
  0.110803158362326D+02 -0.861761513274778D-02
  0.111730376056567D+02 -0.820850853049608D-02
  0.112665352849604D+02 -0.781594620186138D-02
  0.113608153670755D+02 -0.743940138365022D-02
  0.114558843992679D+02 -0.707835750648592D-02
  0.115517489835919D+02 -0.673230831276040D-02
  0.116484157773488D+02 -0.640075796037269D-02
  0.117458914935493D+02 -0.608322109719144D-02
  0.118441829013795D+02 -0.577922292303212D-02
  0.119432968266711D+02 -0.548829922503818D-02
  0.120432401523754D+02 -0.520999640284415D-02
  0.121440198190413D+02 -0.494387146979576D-02
  0.122456428252973D+02 -0.468949204575389D-02
  0.123481162283374D+02 -0.444643632833444D-02
  0.124514471444114D+02 -0.421429305754734D-02
  0.125556427493188D+02 -0.399266146104286D-02
  0.126607102789074D+02 -0.378115119405248D-02
  0.127666570295757D+02 -0.357938226189575D-02
  0.128734903587795D+02 -0.338698493887574D-02
  0.129812176855428D+02 -0.320359967097155D-02
  0.130898464909735D+02 -0.302887697664629D-02
  0.131993843187821D+02 -0.286247733242987D-02
  0.133098387758062D+02 -0.270407105846911D-02
  0.134212175325387D+02 -0.255333818933639D-02
  0.135335283236603D+02 -0.240996834663822D-02
  0.136467789485765D+02 -0.227366059766264D-02
  0.137609772719595D+02 -0.214412331686757D-02
  0.138761312242945D+02 -0.202107403462248D-02
  0.139922488024299D+02 -0.190423928934866D-02
  0.141093380701331D+02 -0.179335446841878D-02
  0.142274071586503D+02 -0.168816365268119D-02
  0.143464642672712D+02 -0.158841945111102D-02
  0.144665176638985D+02 -0.149388283943524D-02
  0.145875756856217D+02 -0.140432299016436D-02
  0.147096467392966D+02 -0.131951710670450D-02
  0.148327393021288D+02 -0.123925025024623D-02
  0.149568619222624D+02 -0.116331517078988D-02
  0.150820232193737D+02 -0.109151213210010D-02
  0.152082318852697D+02 -0.102364874124268D-02
  0.153354966844917D+02 -0.959539772362230D-03
  0.154638264549244D+02 -0.899006996306012D-03
  0.155932301084087D+02 -0.841879004447155D-03
  0.157237166313616D+02 -0.787991039259383D-03
  0.158552950853996D+02 -0.737184819553036D-03
  0.159879746079682D+02 -0.689308373008815D-03
  0.161217644129765D+02 -0.644215863893664D-03
  0.162566737914369D+02 -0.601767428925536D-03
  0.163927121121105D+02 -0.561829008455435D-03
  0.165298888221575D+02 -0.524272186613377D-03
  0.166682134477935D+02 -0.488974027470993D-03
  0.168076955949508D+02 -0.455816920587498D-03
  0.169483449499458D+02 -0.424688423447554D-03
  0.170901712801513D+02 -0.395481113853748D-03
  0.172331844346749D+02 -0.368092440108619D-03
  0.173773943450433D+02 -0.342424582490015D-03
  0.175228110258914D+02 -0.318384313615015D-03
  0.176694445756584D+02 -0.295882864392351D-03
  0.178173051772886D+02 -0.274835806481433D-03
  0.179664030989387D+02 -0.255150771016235D-03
  0.181167486946909D+02 -0.236739403610547D-03
  0.182683524052722D+02 -0.219529159871355D-03
  0.184212247587788D+02 -0.203450974177606D-03
  0.185753763714078D+02 -0.188439134218851D-03
  0.187308179481944D+02 -0.174431151943482D-03
  0.188875602837548D+02 -0.161367644762171D-03
  0.190456142630366D+02 -0.149192211651388D-03
  0.192049908620740D+02 -0.137851319856755D-03
  0.193657011487505D+02 -0.127294186690999D-03
  0.195277562835672D+02 -0.117472671618722D-03
  0.196911675204180D+02 -0.108341163955903D-03
  0.198559462073712D+02 -0.998564805890607D-04
  0.200221037874574D+02 -0.919777591747858D-04
  0.201896517994641D+02 -0.846663619800948D-04
  0.203586018787374D+02 -0.778857744263150D-04
  0.205289657579895D+02 -0.716015149417612D-04
  0.207007552681138D+02 -0.657810391711354D-04
  0.208739823390065D+02 -0.603936552238498D-04
  0.210486590003948D+02 -0.554104340719767D-04
  0.212247973826728D+02 -0.508041299531075D-04
  0.214024097177432D+02 -0.465490965259807D-04
  0.215815083398675D+02 -0.426212128957942D-04
  0.217621056865217D+02 -0.389978050192615D-04
  0.219442142992611D+02 -0.356575773348988D-04
  0.221278468245902D+02 -0.325805392762716D-04
  0.223130160148414D+02 -0.297479423023887D-04
  0.224997347290608D+02 -0.271422115241360D-04
  0.226880159339008D+02 -0.247468878451661D-04
  0.228778727045206D+02 -0.225465643537472D-04
  0.230693182254947D+02 -0.205268337243024D-04
  0.232623657917276D+02 -0.186742289948948D-04
  0.234570288093781D+02 -0.169761758662474D-04
  0.236533207967895D+02 -0.154209379286464D-04
  0.238512553854286D+02 -0.139975736386536D-04
  0.240508463208325D+02 -0.126958855490028D-04
  0.242521074635632D+02 -0.115063817332294D-04
  0.244550527901696D+02 -0.104202290723583D-04
  0.246596963941589D+02 -0.942921866234808D-05
  0.248660524869747D+02 -0.852572298438226D-05
  0.250741353989840D+02 -0.770266505169404D-05
  0.252839595804729D+02 -0.695347922493978D-05
  0.254955396026492D+02 -0.627208386417848D-05
  0.257088901586552D+02 -0.565284554244319D-05
  0.259240260645873D+02 -0.509055496653038D-05
  0.261409622605256D+02 -0.458039435522489D-05
  0.263597138115708D+02 -0.411791639122526D-05
  0.265802959088908D+02 -0.369901452551894D-05
  0.268027238707754D+02 -0.331990473467206D-05
  0.270270131437002D+02 -0.297709852374410D-05
  0.272531793033994D+02 -0.266738725815994D-05
  0.274812380559471D+02 -0.238781764997490D-05
  0.277112052388483D+02 -0.213567844547953D-05
  0.279430968221388D+02 -0.190847818036565D-05
  0.281769289094939D+02 -0.170393401579265D-05
  0.284127177393469D+02 -0.151995155969572D-05
  0.286504796860170D+02 -0.135461565149493D-05
  0.288902312608460D+02 -0.120617205689471D-05
  0.291319891133451D+02 -0.107302001490021D-05
  0.293757700323512D+02 -0.953695619427380D-06
  0.296215909471929D+02 -0.846865955699608D-06
  0.298694689288658D+02 -0.751313996740413D-06
  0.301194211912181D+02 -0.665934160237057D-06
  0.303714650921464D+02 -0.589718565681160D-06
  0.306256181348007D+02 -0.521753854083316D-06
  0.308818979687999D+02 -0.461208655170205D-06
  0.311403223914576D+02 -0.407331532055389D-06
  0.314009093490183D+02 -0.359439515312289D-06
  0.316636769379031D+02 -0.316917041482412D-06
  0.319286434059669D+02 -0.279205428224871D-06
  0.321958271537654D+02 -0.245802678662959D-06
  0.324652467358327D+02 -0.216253775229135D-06
  0.327369208619705D+02 -0.190151230839775D-06
  0.330108683985466D+02 -0.167126084987442D-06
  0.332871083698057D+02 -0.146849078477011D-06
  0.335656599591900D+02 -0.129022228053125D-06
  0.338465425106719D+02 -0.113380500978621D-06
  0.341297755300970D+02 -0.996838368800408D-07
  0.344153786865389D+02 -0.877191936794570D-07
  0.347033718136647D+02 -0.772928924975789D-07
  0.349937749111131D+02 -0.682329397903907D-07
  0.352866081458825D+02 -0.603816543079865D-07
  0.355818918537317D+02 -0.535983058871114D-07
  0.358796465405927D+02 -0.477521885480952D-07
  0.361798928839938D+02 -0.427258774672658D-07
  0.364826517344962D+02 -0.384091425402707D-07
  0.367879441171417D+02 -0.347032053802783D-07
  0.370957912329130D+02 -0.315156962766071D-07
  0.374062144602057D+02 -0.287657657461813D-07
  0.377192353563131D+02 -0.263795306726001D-07
  0.380348756589232D+02 -0.242951776750986D-07
  0.383531572876284D+02 -0.224579830262393D-07
  0.386741023454475D+02 -0.208247204739152D-07
  0.389977331203606D+02 -0.193579687882200D-07
  0.393240720868571D+02 -0.180299512749766D-07
  0.396531419074966D+02 -0.168165285754695D-07
  0.399849654344820D+02 -0.157009607582517D-07
  0.403195657112473D+02 -0.146680261417686D-07
  0.406569659740571D+02 -0.137080164667449D-07
  0.409971896536210D+02 -0.128111541770065D-07
  0.413402603767201D+02 -0.119718776094129D-07
  0.416862019678480D+02 -0.111835329501183D-07
  0.420350384508653D+02 -0.104428877502778D-07
  0.423867940506681D+02 -0.974501605613579D-08
  0.427414931948698D+02 -0.908795745689198D-08
  0.430991605154980D+02 -0.846772259753434D-08
  0.434598208507049D+02 -0.788303404659793D-08
  0.438234992464919D+02 -0.733040236527030D-08
  0.441902209584495D+02 -0.680890751699691D-08
  0.445600114535105D+02 -0.631531509592038D-08
  0.449328964117191D+02 -0.584887486479236D-08
  0.453089017280138D+02 -0.540645616159185D-08
  0.456880535140261D+02 -0.498735042974350D-08
  0.460703780998935D+02 -0.458841426612276D-08
  0.464559020360880D+02 -0.420886365322892D-08
  0.468446520952602D+02 -0.384541016922159D-08
  0.472366552740983D+02 -0.350485689562916D-08
  0.476319387952026D+02 -0.319159277201022D-08
  0.480305301089767D+02 -0.290474548916318D-08
  0.484324568955330D+02 -0.264117285159382D-08
  0.488377470666154D+02 -0.240026986503523D-08
  0.492464287675376D+02 -0.217914797157245D-08
  0.496585303791376D+02 -0.197743824186618D-08
  0.500740805197483D+02 -0.179247685156091D-08
  0.504931080471856D+02 -0.162410317696868D-08
  0.509156420607515D+02 -0.146985214726805D-08
  0.513417119032557D+02 -0.132974729518905D-08
  0.517713471630531D+02 -0.120149842562359D-08
  0.522045776760981D+02 -0.108529112858030D-08
  0.526414335280172D+02 -0.978989031131224D-09
  0.530819450561978D+02 -0.882920449857737D-09
  0.535261428518954D+02 -0.795083496889112D-09
  0.539740577623576D+02 -0.715931232184212D-09
  0.544257208929666D+02 -0.643579716782146D-09
  0.548811636093990D+02 -0.578590499833477D-09
  0.553404175398042D+02 -0.519182713225415D-09
  0.558035145770010D+02 -0.466011840829031D-09
  0.562704868806918D+02 -0.417386951408315D-09
  0.567413668796966D+02 -0.374044478667610D-09
  0.572161872742045D+02  0.326359794061183D-12
  0.576949810380448D+02  0.280793477766247D-13
  0.581777814209769D+02  0.325850861395071D-12
  0.586646219509992D+02  0.276152369802399D-13
  0.591555364366775D+02  0.325029364753542D-12
  0.596505589694928D+02  0.271587972605850D-13
  0.601497239262088D+02  0.324382262301135D-12
  0.606530659712593D+02  0.267099018259141D-13
  0.611606200591551D+02  0.323667755479421D-12
  0.616724214369120D+02  0.262684259801644D-13
  0.621885056464979D+02  0.323116761826021D-12
  0.627089085273014D+02  0.258342470883179D-13
  0.632336662186208D+02  0.322495558707772D-12
  0.637628151621731D+02  0.254072445423349D-13
  0.642963921046255D+02  0.321806617572957D-12
  0.648344341001467D+02  0.249872997276514D-13
  0.653769785129804D+02  0.321269715223966D-12
  0.659240630200400D+02  0.245742959902298D-13
  0.664757256135250D+02  0.320662646042122D-12
  0.670320046035595D+02  0.241681186041541D-13
  0.675929386208523D+02  0.319987876216776D-12
  0.681585666193803D+02  0.237686547397607D-13
  0.687289278790926D+02  0.319454576297356D-12
  0.693040620086395D+02  0.233757934322965D-13
  0.698840089481222D+02  0.318851487326350D-12
  0.704688089718667D+02  0.229894255510945D-13
  0.710585026912207D+02  0.318181062020602D-12
  0.716531310573742D+02  0.226094437692587D-13
  0.722527353642024D+02  0.317642373667448D-12
  0.728573572511344D+02  0.222357425338510D-13
  0.734670387060443D+02  0.317034567997360D-12
  0.740818220681669D+02  0.218682180365696D-13
  0.747017500310383D+02  0.316550311555900D-12
  0.753268656454607D+02  0.215067681849132D-13
  0.759572123224918D+02  0.315995451650730D-12
  0.765928338364598D+02  0.211512925738211D-13
  0.772337743280030D+02  0.315556452453922D-12
  0.778800783071353D+02  0.208016924577823D-13
  0.785317906563373D+02  0.315045637599633D-12
  0.791889566336729D+02  0.204578707234053D-13
  0.798516218759324D+02  0.314465501036121D-12
  0.805198324018017D+02  0.201197318624421D-13
  0.811936346150581D+02  0.313993498134942D-12
  0.818730753077927D+02  0.197871819452571D-13
  0.825582016636601D+02  0.313451188554336D-12
  0.832490612611547D+02  0.194601285947348D-13
  0.839457020769152D+02  0.313010311645655D-12
  0.846481724890558D+02  0.191384809606195D-13
  0.853565212805264D+02  0.312498376225644D-12
  0.860707976425001D+02  0.188221496942778D-13
  0.867910511777889D+02  0.312081588131596D-12
  0.875173319042890D+02  0.185110469238795D-13
  0.882496902584537D+02  0.311593205521554D-12
  0.889881770987965D+02  0.182050862299879D-13
  0.897328437094225D+02  0.311194077452821D-12
  0.904837418035900D+02  0.179041826215541D-13
  0.912409235273018D+02  0.310723018365161D-12
  0.920044414629263D+02  0.176082525123076D-13
  0.927743486328492D+02  0.310182515127838D-12
  0.935506985031556D+02  0.173172136975373D-13
  0.943335449873430D+02  0.309876281582470D-12
  0.951229424500651D+02  0.170309853312566D-13
  0.959189457109075D+02  0.309347276759815D-12
  0.967216100481942D+02  0.167494879037456D-13
  0.975309912028269D+02  0.309042515401708D-12
  0.983471453821553D+02  0.164726432194643D-13
  0.991701292638811D+02  0.308520019374154D-12
  0.999999999999934D+02  0.162003743753313D-13
