#     Ultrasoft pseudopotential             : H 
#              by  GGA (PBE)  / non-relativistic    atomic calculation.
#
#     ---- valence electron configuration for constructing pp. ----
#      1S    
#      1.0000
#     ----------
#C 1458 (0.6500828662E+00 )   : R_cut_local-V
#L  0.1200000000E+03          : 1 / logarithmic mesh
#Z  0.1000000000E+01          : core charge         
#  r [ bohr ]        local potential 
  0.346664911165126E-05 -0.300000000010549E+01
  0.349565855906737E-05 -0.300000000010726E+01
  0.352491076195491E-05 -0.300000000010907E+01
  0.355440775172862E-05 -0.300000000011090E+01
  0.358415157680241E-05 -0.300000000011276E+01
  0.361414430273166E-05 -0.300000000011466E+01
  0.364438801235659E-05 -0.300000000011658E+01
  0.367488480594699E-05 -0.300000000011854E+01
  0.370563680134799E-05 -0.300000000012054E+01
  0.373664613412718E-05 -0.300000000012256E+01
  0.376791495772293E-05 -0.300000000012462E+01
  0.379944544359387E-05 -0.300000000012672E+01
  0.383123978136975E-05 -0.300000000012885E+01
  0.386330017900348E-05 -0.300000000013101E+01
  0.389562886292444E-05 -0.300000000013321E+01
  0.392822807819312E-05 -0.300000000013545E+01
  0.396110008865700E-05 -0.300000000013773E+01
  0.399424717710782E-05 -0.300000000014004E+01
  0.402767164544002E-05 -0.300000000014240E+01
  0.406137581481068E-05 -0.300000000014479E+01
  0.409536202580066E-05 -0.300000000014722E+01
  0.412963263857716E-05 -0.300000000014970E+01
  0.416419003305761E-05 -0.300000000015221E+01
  0.419903660907497E-05 -0.300000000015477E+01
  0.423417478654436E-05 -0.300000000015737E+01
  0.426960700563109E-05 -0.300000000016002E+01
  0.430533572692020E-05 -0.300000000016271E+01
  0.434136343158722E-05 -0.300000000016544E+01
  0.437769262157059E-05 -0.300000000016822E+01
  0.441432581974531E-05 -0.300000000017105E+01
  0.445126557009820E-05 -0.300000000017392E+01
  0.448851443790455E-05 -0.300000000017685E+01
  0.452607500990626E-05 -0.300000000017982E+01
  0.456394989449148E-05 -0.300000000018284E+01
  0.460214172187575E-05 -0.300000000018591E+01
  0.464065314428465E-05 -0.300000000018904E+01
  0.467948683613799E-05 -0.300000000019222E+01
  0.471864549423553E-05 -0.300000000019545E+01
  0.475813183794428E-05 -0.300000000019873E+01
  0.479794860938730E-05 -0.300000000020207E+01
  0.483809857363416E-05 -0.300000000020547E+01
  0.487858451889296E-05 -0.300000000020892E+01
  0.491940925670396E-05 -0.300000000021243E+01
  0.496057562213478E-05 -0.300000000021600E+01
  0.500208647397735E-05 -0.300000000021963E+01
  0.504394469494641E-05 -0.300000000022332E+01
  0.508615319187966E-05 -0.300000000022708E+01
  0.512871489593970E-05 -0.300000000023089E+01
  0.517163276281753E-05 -0.300000000023477E+01
  0.521490977293781E-05 -0.300000000023872E+01
  0.525854893166585E-05 -0.300000000024273E+01
  0.530255326951634E-05 -0.300000000024681E+01
  0.534692584236375E-05 -0.300000000025096E+01
  0.539166973165458E-05 -0.300000000025518E+01
  0.543678804462135E-05 -0.300000000025946E+01
  0.548228391449837E-05 -0.300000000026382E+01
  0.552816050073933E-05 -0.300000000026826E+01
  0.557442098923671E-05 -0.300000000027277E+01
  0.562106859254304E-05 -0.300000000027735E+01
  0.566810655009394E-05 -0.300000000028201E+01
  0.571553812843315E-05 -0.300000000028675E+01
  0.576336662143934E-05 -0.300000000029157E+01
  0.581159535055487E-05 -0.300000000029647E+01
  0.586022766501640E-05 -0.300000000030145E+01
  0.590926694208755E-05 -0.300000000030652E+01
  0.595871658729338E-05 -0.300000000031167E+01
  0.600858003465689E-05 -0.300000000031691E+01
  0.605886074693752E-05 -0.300000000032224E+01
  0.610956221587162E-05 -0.300000000032765E+01
  0.616068796241490E-05 -0.300000000033316E+01
  0.621224153698698E-05 -0.300000000033876E+01
  0.626422651971791E-05 -0.300000000034445E+01
  0.631664652069683E-05 -0.300000000035024E+01
  0.636950518022267E-05 -0.300000000035613E+01
  0.642280616905689E-05 -0.300000000036211E+01
  0.647655318867849E-05 -0.300000000036820E+01
  0.653074997154098E-05 -0.300000000037439E+01
  0.658540028133161E-05 -0.300000000038068E+01
  0.664050791323276E-05 -0.300000000038707E+01
  0.669607669418545E-05 -0.300000000039358E+01
  0.675211048315513E-05 -0.300000000040019E+01
  0.680861317139967E-05 -0.300000000040692E+01
  0.686558868273957E-05 -0.300000000041376E+01
  0.692304097383046E-05 -0.300000000042071E+01
  0.698097403443787E-05 -0.300000000042778E+01
  0.703939188771428E-05 -0.300000000043497E+01
  0.709829859047854E-05 -0.300000000044228E+01
  0.715769823349757E-05 -0.300000000044972E+01
  0.721759494177045E-05 -0.300000000045728E+01
  0.727799287481489E-05 -0.300000000046496E+01
  0.733889622695606E-05 -0.300000000047277E+01
  0.740030922761788E-05 -0.300000000048072E+01
  0.746223614161676E-05 -0.300000000048880E+01
  0.752468126945772E-05 -0.300000000049701E+01
  0.758764894763307E-05 -0.300000000050537E+01
  0.765114354892354E-05 -0.300000000051386E+01
  0.771516948270196E-05 -0.300000000052250E+01
  0.777973119523946E-05 -0.300000000053128E+01
  0.784483317001425E-05 -0.300000000054021E+01
  0.791047992802296E-05 -0.300000000054929E+01
  0.797667602809461E-05 -0.300000000055852E+01
  0.804342606720720E-05 -0.300000000056790E+01
  0.811073468080693E-05 -0.300000000057745E+01
  0.817860654313014E-05 -0.300000000058715E+01
  0.824704636752788E-05 -0.300000000059702E+01
  0.831605890679323E-05 -0.300000000060705E+01
  0.838564895349137E-05 -0.300000000061726E+01
  0.845582134029240E-05 -0.300000000062763E+01
  0.852658094030695E-05 -0.300000000063818E+01
  0.859793266742455E-05 -0.300000000064890E+01
  0.866988147665494E-05 -0.300000000065981E+01
  0.874243236447212E-05 -0.300000000067090E+01
  0.881559036916133E-05 -0.300000000068217E+01
  0.888936057116898E-05 -0.300000000069364E+01
  0.896374809345540E-05 -0.300000000070530E+01
  0.903875810185064E-05 -0.300000000071715E+01
  0.911439580541322E-05 -0.300000000072920E+01
  0.919066645679184E-05 -0.300000000074146E+01
  0.926757535259015E-05 -0.300000000075392E+01
  0.934512783373461E-05 -0.300000000076659E+01
  0.942332928584535E-05 -0.300000000077947E+01
  0.950218513961020E-05 -0.300000000079257E+01
  0.958170087116180E-05 -0.300000000080589E+01
  0.966188200245791E-05 -0.300000000081944E+01
  0.974273410166487E-05 -0.300000000083321E+01
  0.982426278354429E-05 -0.300000000084721E+01
  0.990647370984294E-05 -0.300000000086145E+01
  0.998937258968598E-05 -0.300000000087593E+01
  0.100729651799734E-04 -0.300000000089065E+01
  0.101572572857797E-04 -0.300000000090562E+01
  0.102422547607573E-04 -0.300000000092084E+01
  0.103279635075428E-04 -0.300000000093631E+01
  0.104143894781668E-04 -0.300000000095205E+01
  0.105015386744678E-04 -0.300000000096805E+01
  0.105894171485081E-04 -0.300000000098432E+01
  0.106780310029950E-04 -0.300000000100086E+01
  0.107673863917039E-04 -0.300000000101768E+01
  0.108574895199061E-04 -0.300000000103479E+01
  0.109483466447994E-04 -0.300000000105218E+01
  0.110399640759430E-04 -0.300000000106986E+01
  0.111323481756952E-04 -0.300000000108784E+01
  0.112255053596557E-04 -0.300000000110612E+01
  0.113194420971108E-04 -0.300000000112471E+01
  0.114141649114828E-04 -0.300000000114362E+01
  0.115096803807830E-04 -0.300000000116284E+01
  0.116059951380685E-04 -0.300000000118238E+01
  0.117031158719027E-04 -0.300000000120225E+01
  0.118010493268202E-04 -0.300000000122246E+01
  0.118998023037946E-04 -0.300000000124300E+01
  0.119993816607113E-04 -0.300000000126389E+01
  0.120997943128434E-04 -0.300000000128513E+01
  0.122010472333321E-04 -0.300000000130673E+01
  0.123031474536708E-04 -0.300000000132869E+01
  0.124061020641938E-04 -0.300000000135102E+01
  0.125099182145681E-04 -0.300000000137373E+01
  0.126146031142903E-04 -0.300000000139682E+01
  0.127201640331872E-04 -0.300000000142029E+01
  0.128266083019207E-04 -0.300000000144416E+01
  0.129339433124964E-04 -0.300000000146843E+01
  0.130421765187779E-04 -0.300000000149311E+01
  0.131513154370034E-04 -0.300000000151821E+01
  0.132613676463084E-04 -0.300000000154372E+01
  0.133723407892516E-04 -0.300000000156967E+01
  0.134842425723459E-04 -0.300000000159605E+01
  0.135970807665935E-04 -0.300000000162287E+01
  0.137108632080253E-04 -0.300000000165014E+01
  0.138255977982455E-04 -0.300000000167788E+01
  0.139412925049802E-04 -0.300000000170608E+01
  0.140579553626304E-04 -0.300000000173475E+01
  0.141755944728304E-04 -0.300000000176390E+01
  0.142942180050101E-04 -0.300000000179355E+01
  0.144138341969624E-04 -0.300000000182369E+01
  0.145344513554155E-04 -0.300000000185434E+01
  0.146560778566094E-04 -0.300000000188551E+01
  0.147787221468777E-04 -0.300000000191719E+01
  0.149023927432343E-04 -0.300000000194941E+01
  0.150270982339648E-04 -0.300000000198218E+01
  0.151528472792229E-04 -0.300000000201549E+01
  0.152796486116317E-04 -0.300000000204936E+01
  0.154075110368901E-04 -0.300000000208381E+01
  0.155364434343847E-04 -0.300000000211883E+01
  0.156664547578060E-04 -0.300000000215444E+01
  0.157975540357704E-04 -0.300000000219064E+01
  0.159297503724471E-04 -0.300000000222746E+01
  0.160630529481904E-04 -0.300000000226490E+01
  0.161974710201771E-04 -0.300000000230296E+01
  0.163330139230497E-04 -0.300000000234167E+01
  0.164696910695641E-04 -0.300000000238102E+01
  0.166075119512439E-04 -0.300000000242104E+01
  0.167464861390389E-04 -0.300000000246173E+01
  0.168866232839903E-04 -0.300000000250310E+01
  0.170279331179005E-04 -0.300000000254517E+01
  0.171704254540093E-04 -0.300000000258794E+01
  0.173141101876751E-04 -0.300000000263143E+01
  0.174589972970621E-04 -0.300000000267566E+01
  0.176050968438333E-04 -0.300000000272063E+01
  0.177524189738493E-04 -0.300000000276635E+01
  0.179009739178729E-04 -0.300000000281284E+01
  0.180507719922792E-04 -0.300000000286012E+01
  0.182018235997725E-04 -0.300000000290819E+01
  0.183541392301085E-04 -0.300000000295706E+01
  0.185077294608227E-04 -0.300000000300676E+01
  0.186626049579651E-04 -0.300000000305729E+01
  0.188187764768408E-04 -0.300000000310867E+01
  0.189762548627570E-04 -0.300000000316092E+01
  0.191350510517758E-04 -0.300000000321404E+01
  0.192951760714743E-04 -0.300000000326806E+01
  0.194566410417099E-04 -0.300000000332298E+01
  0.196194571753926E-04 -0.300000000337883E+01
  0.197836357792638E-04 -0.300000000343561E+01
  0.199491882546814E-04 -0.300000000349335E+01
  0.201161260984116E-04 -0.300000000355207E+01
  0.202844609034273E-04 -0.300000000361176E+01
  0.204542043597132E-04 -0.300000000367246E+01
  0.206253682550775E-04 -0.300000000373418E+01
  0.207979644759706E-04 -0.300000000379694E+01
  0.209720050083106E-04 -0.300000000386075E+01
  0.211475019383155E-04 -0.300000000392564E+01
  0.213244674533426E-04 -0.300000000399161E+01
  0.215029138427349E-04 -0.300000000405870E+01
  0.216828534986745E-04 -0.300000000412691E+01
  0.218642989170432E-04 -0.300000000419627E+01
  0.220472626982901E-04 -0.300000000426679E+01
  0.222317575483070E-04 -0.300000000433850E+01
  0.224177962793103E-04 -0.300000000441142E+01
  0.226053918107311E-04 -0.300000000448556E+01
  0.227945571701123E-04 -0.300000000456094E+01
  0.229853054940131E-04 -0.300000000463759E+01
  0.231776500289217E-04 -0.300000000471554E+01
  0.233716041321747E-04 -0.300000000479479E+01
  0.235671812728849E-04 -0.300000000487537E+01
  0.237643950328769E-04 -0.300000000495731E+01
  0.239632591076299E-04 -0.300000000504062E+01
  0.241637873072290E-04 -0.300000000512534E+01
  0.243659935573243E-04 -0.300000000521147E+01
  0.245698919000977E-04 -0.300000000529906E+01
  0.247754964952382E-04 -0.300000000538812E+01
  0.249828216209254E-04 -0.300000000547867E+01
  0.251918816748208E-04 -0.300000000557075E+01
  0.254026911750677E-04 -0.300000000566437E+01
  0.256152647612995E-04 -0.300000000575957E+01
  0.258296171956561E-04 -0.300000000585637E+01
  0.260457633638094E-04 -0.300000000595479E+01
  0.262637182759969E-04 -0.300000000605487E+01
  0.264834970680640E-04 -0.300000000615663E+01
  0.267051150025150E-04 -0.300000000626010E+01
  0.269285874695734E-04 -0.300000000636531E+01
  0.271539299882504E-04 -0.300000000647228E+01
  0.273811582074224E-04 -0.300000000658106E+01
  0.276102879069183E-04 -0.300000000669166E+01
  0.278413349986148E-04 -0.300000000680413E+01
  0.280743155275418E-04 -0.300000000691848E+01
  0.283092456729961E-04 -0.300000000703475E+01
  0.285461417496658E-04 -0.300000000715298E+01
  0.287850202087623E-04 -0.300000000727320E+01
  0.290258976391637E-04 -0.300000000739543E+01
  0.292687907685660E-04 -0.300000000751972E+01
  0.295137164646453E-04 -0.300000000764610E+01
  0.297606917362289E-04 -0.300000000777460E+01
  0.300097337344765E-04 -0.300000000790527E+01
  0.302608597540716E-04 -0.300000000803813E+01
  0.305140872344219E-04 -0.300000000817322E+01
  0.307694337608708E-04 -0.300000000831058E+01
  0.310269170659188E-04 -0.300000000845025E+01
  0.312865550304542E-04 -0.300000000859227E+01
  0.315483656849957E-04 -0.300000000873667E+01
  0.318123672109440E-04 -0.300000000888350E+01
  0.320785779418443E-04 -0.300000000903280E+01
  0.323470163646601E-04 -0.300000000918461E+01
  0.326177011210564E-04 -0.300000000933897E+01
  0.328906510086944E-04 -0.300000000949592E+01
  0.331658849825372E-04 -0.300000000965551E+01
  0.334434221561657E-04 -0.300000000981779E+01
  0.337232818031064E-04 -0.300000000998279E+01
  0.340054833581695E-04 -0.300000001015056E+01
  0.342900464187984E-04 -0.300000001032116E+01
  0.345769907464314E-04 -0.300000001049462E+01
  0.348663362678730E-04 -0.300000001067099E+01
  0.351581030766786E-04 -0.300000001085033E+01
  0.354523114345493E-04 -0.300000001103269E+01
  0.357489817727395E-04 -0.300000001121811E+01
  0.360481346934750E-04 -0.300000001140664E+01
  0.363497909713845E-04 -0.300000001159835E+01
  0.366539715549420E-04 -0.300000001179327E+01
  0.369606975679211E-04 -0.300000001199147E+01
  0.372699903108629E-04 -0.300000001219301E+01
  0.375818712625543E-04 -0.300000001239793E+01
  0.378963620815200E-04 -0.300000001260629E+01
  0.382134846075267E-04 -0.300000001281815E+01
  0.385332608630994E-04 -0.300000001303358E+01
  0.388557130550511E-04 -0.300000001325263E+01
  0.391808635760247E-04 -0.300000001347536E+01
  0.395087350060481E-04 -0.300000001370183E+01
  0.398393501141024E-04 -0.300000001393210E+01
  0.401727318597029E-04 -0.300000001416625E+01
  0.405089033944939E-04 -0.300000001440433E+01
  0.408478880638558E-04 -0.300000001464642E+01
  0.411897094085269E-04 -0.300000001489257E+01
  0.415343911662380E-04 -0.300000001514286E+01
  0.418819572733607E-04 -0.300000001539736E+01
  0.422324318665700E-04 -0.300000001565613E+01
  0.425858392845200E-04 -0.300000001591925E+01
  0.429422040695348E-04 -0.300000001618680E+01
  0.433015509693119E-04 -0.300000001645884E+01
  0.436639049386416E-04 -0.300000001673545E+01
  0.440292911411397E-04 -0.300000001701671E+01
  0.443977349509947E-04 -0.300000001730270E+01
  0.447692619547306E-04 -0.300000001759349E+01
  0.451438979529828E-04 -0.300000001788918E+01
  0.455216689622908E-04 -0.300000001818983E+01
  0.459026012169043E-04 -0.300000001849553E+01
  0.462867211706051E-04 -0.300000001880637E+01
  0.466740554985444E-04 -0.300000001912244E+01
  0.470646310990950E-04 -0.300000001944382E+01
  0.474584750957196E-04 -0.300000001977060E+01
  0.478556148388539E-04 -0.300000002010287E+01
  0.482560779078064E-04 -0.300000002044072E+01
  0.486598921126733E-04 -0.300000002078426E+01
  0.490670854962701E-04 -0.300000002113356E+01
  0.494776863360788E-04 -0.300000002148874E+01
  0.498917231462114E-04 -0.300000002184989E+01
  0.503092246793907E-04 -0.300000002221710E+01
  0.507302199289465E-04 -0.300000002259049E+01
  0.511547381308292E-04 -0.300000002297016E+01
  0.515828087656400E-04 -0.300000002335620E+01
  0.520144615606785E-04 -0.300000002374873E+01
  0.524497264920067E-04 -0.300000002414786E+01
  0.528886337865308E-04 -0.300000002455370E+01
  0.533312139241004E-04 -0.300000002496636E+01
  0.537774976396252E-04 -0.300000002538595E+01
  0.542275159252092E-04 -0.300000002581259E+01
  0.546813000323031E-04 -0.300000002624641E+01
  0.551388814738745E-04 -0.300000002668751E+01
  0.556002920265963E-04 -0.300000002713603E+01
  0.560655637330533E-04 -0.300000002759209E+01
  0.565347289039678E-04 -0.300000002805581E+01
  0.570078201204430E-04 -0.300000002852733E+01
  0.574848702362256E-04 -0.300000002900677E+01
  0.579659123799877E-04 -0.300000002949426E+01
  0.584509799576270E-04 -0.300000002998995E+01
  0.589401066545868E-04 -0.300000003049398E+01
  0.594333264381956E-04 -0.300000003100647E+01
  0.599306735600253E-04 -0.300000003152757E+01
  0.604321825582704E-04 -0.300000003205744E+01
  0.609378882601462E-04 -0.300000003259620E+01
  0.614478257843075E-04 -0.300000003314403E+01
  0.619620305432873E-04 -0.300000003370106E+01
  0.624805382459560E-04 -0.300000003426745E+01
  0.630033849000014E-04 -0.300000003484336E+01
  0.635306068144290E-04 -0.300000003542895E+01
  0.640622406020836E-04 -0.300000003602438E+01
  0.645983231821919E-04 -0.300000003662981E+01
  0.651388917829263E-04 -0.300000003724543E+01
  0.656839839439903E-04 -0.300000003787139E+01
  0.662336375192251E-04 -0.300000003850786E+01
  0.667878906792388E-04 -0.300000003915504E+01
  0.673467819140570E-04 -0.300000003981309E+01
  0.679103500357956E-04 -0.300000004048220E+01
  0.684786341813562E-04 -0.300000004116256E+01
  0.690516738151438E-04 -0.300000004185435E+01
  0.696295087318079E-04 -0.300000004255777E+01
  0.702121790590055E-04 -0.300000004327301E+01
  0.707997252601877E-04 -0.300000004400027E+01
  0.713921881374104E-04 -0.300000004473976E+01
  0.719896088341670E-04 -0.300000004549167E+01
  0.725920288382459E-04 -0.300000004625621E+01
  0.731994899846117E-04 -0.300000004703361E+01
  0.738120344583104E-04 -0.300000004782407E+01
  0.744297047973989E-04 -0.300000004862782E+01
  0.750525438958989E-04 -0.300000004944508E+01
  0.756805950067758E-04 -0.300000005027607E+01
  0.763139017449427E-04 -0.300000005112102E+01
  0.769525080902885E-04 -0.300000005198018E+01
  0.775964583907329E-04 -0.300000005285378E+01
  0.782457973653053E-04 -0.300000005374205E+01
  0.789005701072513E-04 -0.300000005464526E+01
  0.795608220871631E-04 -0.300000005556365E+01
  0.802265991561381E-04 -0.300000005649747E+01
  0.808979475489625E-04 -0.300000005744698E+01
  0.815749138873223E-04 -0.300000005841246E+01
  0.822575451830408E-04 -0.300000005939415E+01
  0.829458888413434E-04 -0.300000006039235E+01
  0.836399926641498E-04 -0.300000006140733E+01
  0.843399048533931E-04 -0.300000006243936E+01
  0.850456740143679E-04 -0.300000006348874E+01
  0.857573491591051E-04 -0.300000006455575E+01
  0.864749797097756E-04 -0.300000006564069E+01
  0.871986155021229E-04 -0.300000006674387E+01
  0.879283067889233E-04 -0.300000006786559E+01
  0.886641042434761E-04 -0.300000006900616E+01
  0.894060589631225E-04 -0.300000007016590E+01
  0.901542224727939E-04 -0.300000007134514E+01
  0.909086467285903E-04 -0.300000007254419E+01
  0.916693841213882E-04 -0.300000007376339E+01
  0.924364874804789E-04 -0.300000007500308E+01
  0.932100100772373E-04 -0.300000007626360E+01
  0.939900056288213E-04 -0.300000007754532E+01
  0.947765283019021E-04 -0.300000007884857E+01
  0.955696327164258E-04 -0.300000008017372E+01
  0.963693739494066E-04 -0.300000008152115E+01
  0.971758075387517E-04 -0.300000008289122E+01
  0.979889894871175E-04 -0.300000008428432E+01
  0.988089762657996E-04 -0.300000008570083E+01
  0.996358248186539E-04 -0.300000008714114E+01
  0.100469592566051E-03 -0.300000008860567E+01
  0.101310337408864E-03 -0.300000009009480E+01
  0.102158117732489E-03 -0.300000009160897E+01
  0.103012992410901E-03 -0.300000009314858E+01
  0.103875020810740E-03 -0.300000009471406E+01
  0.104744262795436E-03 -0.300000009630586E+01
  0.105620778729365E-03 -0.300000009792441E+01
  0.106504629482041E-03 -0.300000009957016E+01
  0.107395876432345E-03 -0.300000010124357E+01
  0.108294581472783E-03 -0.300000010294510E+01
  0.109200807013789E-03 -0.300000010467523E+01
  0.110114615988056E-03 -0.300000010643444E+01
  0.111036071854909E-03 -0.300000010822321E+01
  0.111965238604708E-03 -0.300000011004204E+01
  0.112902180763295E-03 -0.300000011189144E+01
  0.113846963396475E-03 -0.300000011377193E+01
  0.114799652114532E-03 -0.300000011568402E+01
  0.115760313076789E-03 -0.300000011762824E+01
  0.116729012996197E-03 -0.300000011960514E+01
  0.117705819143974E-03 -0.300000012161526E+01
  0.118690799354273E-03 -0.300000012365917E+01
  0.119684022028893E-03 -0.300000012573743E+01
  0.120685556142031E-03 -0.300000012785061E+01
  0.121695471245067E-03 -0.300000012999931E+01
  0.122713837471403E-03 -0.300000013218412E+01
  0.123740725541324E-03 -0.300000013440565E+01
  0.124776206766913E-03 -0.300000013666452E+01
  0.125820353057007E-03 -0.300000013896135E+01
  0.126873236922183E-03 -0.300000014129678E+01
  0.127934931479799E-03 -0.300000014367146E+01
  0.129005510459071E-03 -0.300000014608605E+01
  0.130085048206192E-03 -0.300000014854122E+01
  0.131173619689495E-03 -0.300000015103765E+01
  0.132271300504658E-03 -0.300000015357604E+01
  0.133378166879958E-03 -0.300000015615709E+01
  0.134494295681560E-03 -0.300000015878152E+01
  0.135619764418856E-03 -0.300000016145005E+01
  0.136754651249852E-03 -0.300000016416344E+01
  0.137899034986587E-03 -0.300000016692242E+01
  0.139052995100614E-03 -0.300000016972777E+01
  0.140216611728518E-03 -0.300000017258028E+01
  0.141389965677475E-03 -0.300000017548072E+01
  0.142573138430869E-03 -0.300000017842990E+01
  0.143766212153952E-03 -0.300000018142866E+01
  0.144969269699545E-03 -0.300000018447781E+01
  0.146182394613793E-03 -0.300000018757820E+01
  0.147405671141970E-03 -0.300000019073070E+01
  0.148639184234327E-03 -0.300000019393619E+01
  0.149883019551991E-03 -0.300000019719554E+01
  0.151137263472914E-03 -0.300000020050968E+01
  0.152402003097872E-03 -0.300000020387951E+01
  0.153677326256515E-03 -0.300000020730597E+01
  0.154963321513463E-03 -0.300000021079003E+01
  0.156260078174459E-03 -0.300000021433263E+01
  0.157567686292570E-03 -0.300000021793478E+01
  0.158886236674442E-03 -0.300000022159746E+01
  0.160215820886602E-03 -0.300000022532170E+01
  0.161556531261822E-03 -0.300000022910853E+01
  0.162908460905528E-03 -0.300000023295901E+01
  0.164271703702267E-03 -0.300000023687419E+01
  0.165646354322224E-03 -0.300000024085518E+01
  0.167032508227801E-03 -0.300000024490307E+01
  0.168430261680243E-03 -0.300000024901899E+01
  0.169839711746323E-03 -0.300000025320409E+01
  0.171260956305085E-03 -0.300000025745952E+01
  0.172694094054639E-03 -0.300000026178647E+01
  0.174139224519016E-03 -0.300000026618614E+01
  0.175596448055078E-03 -0.300000027065975E+01
  0.177065865859490E-03 -0.300000027520855E+01
  0.178547579975745E-03 -0.300000027983380E+01
  0.180041693301253E-03 -0.300000028453678E+01
  0.181548309594485E-03 -0.300000028931879E+01
  0.183067533482176E-03 -0.300000029418118E+01
  0.184599470466597E-03 -0.300000029912529E+01
  0.186144226932876E-03 -0.300000030415249E+01
  0.187701910156387E-03 -0.300000030926417E+01
  0.189272628310205E-03 -0.300000031446177E+01
  0.190856490472608E-03 -0.300000031974672E+01
  0.192453606634662E-03 -0.300000032512049E+01
  0.194064087707853E-03 -0.300000033058457E+01
  0.195688045531792E-03 -0.300000033614048E+01
  0.197325592881979E-03 -0.300000034178977E+01
  0.198976843477641E-03 -0.300000034753400E+01
  0.200641911989619E-03 -0.300000035337478E+01
  0.202320914048341E-03 -0.300000035931371E+01
  0.204013966251847E-03 -0.300000036535245E+01
  0.205721186173888E-03 -0.300000037149269E+01
  0.207442692372088E-03 -0.300000037773612E+01
  0.209178604396180E-03 -0.300000038408448E+01
  0.210929042796308E-03 -0.300000039053953E+01
  0.212694129131399E-03 -0.300000039710306E+01
  0.214473985977601E-03 -0.300000040377691E+01
  0.216268736936799E-03 -0.300000041056292E+01
  0.218078506645199E-03 -0.300000041746297E+01
  0.219903420781979E-03 -0.300000042447900E+01
  0.221743606078020E-03 -0.300000043161293E+01
  0.223599190324709E-03 -0.300000043886676E+01
  0.225470302382809E-03 -0.300000044624250E+01
  0.227357072191407E-03 -0.300000045374220E+01
  0.229259630776944E-03 -0.300000046136794E+01
  0.231178110262309E-03 -0.300000046912184E+01
  0.233112643876014E-03 -0.300000047700606E+01
  0.235063365961449E-03 -0.300000048502278E+01
  0.237030411986209E-03 -0.300000049317423E+01
  0.239013918551503E-03 -0.300000050146268E+01
  0.241014023401641E-03 -0.300000050989043E+01
  0.243030865433595E-03 -0.300000051845982E+01
  0.245064584706651E-03 -0.300000052717323E+01
  0.247115322452131E-03 -0.300000053603308E+01
  0.249183221083203E-03 -0.300000054504183E+01
  0.251268424204769E-03 -0.300000055420198E+01
  0.253371076623440E-03 -0.300000056351608E+01
  0.255491324357589E-03 -0.300000057298672E+01
  0.257629314647496E-03 -0.300000058261652E+01
  0.259785195965566E-03 -0.300000059240817E+01
  0.261959118026648E-03 -0.300000060236438E+01
  0.264151231798423E-03 -0.300000061248791E+01
  0.266361689511897E-03 -0.300000062278159E+01
  0.268590644671965E-03 -0.300000063324826E+01
  0.270838252068077E-03 -0.300000064389084E+01
  0.273104667784981E-03 -0.300000065471228E+01
  0.275390049213570E-03 -0.300000066571560E+01
  0.277694555061806E-03 -0.300000067690383E+01
  0.280018345365742E-03 -0.300000068828010E+01
  0.282361581500640E-03 -0.300000069984757E+01
  0.284724426192173E-03 -0.300000071160944E+01
  0.287107043527727E-03 -0.300000072356898E+01
  0.289509598967797E-03 -0.300000073572952E+01
  0.291932259357477E-03 -0.300000074809444E+01
  0.294375192938044E-03 -0.300000076066716E+01
  0.296838569358646E-03 -0.300000077345118E+01
  0.299322559688080E-03 -0.300000078645006E+01
  0.301827336426672E-03 -0.300000079966740E+01
  0.304353073518259E-03 -0.300000081310688E+01
  0.306899946362264E-03 -0.300000082677222E+01
  0.309468131825881E-03 -0.300000084066723E+01
  0.312057808256354E-03 -0.300000085479576E+01
  0.314669155493366E-03 -0.300000086916174E+01
  0.317302354881523E-03 -0.300000088376916E+01
  0.319957589282953E-03 -0.300000089862208E+01
  0.322635043090001E-03 -0.300000091372462E+01
  0.325334902238034E-03 -0.300000092908098E+01
  0.328057354218357E-03 -0.300000094469542E+01
  0.330802588091228E-03 -0.300000096057229E+01
  0.333570794498993E-03 -0.300000097671599E+01
  0.336362165679320E-03 -0.300000099313100E+01
  0.339176895478551E-03 -0.300000100982189E+01
  0.342015179365165E-03 -0.300000102679329E+01
  0.344877214443350E-03 -0.300000104404992E+01
  0.347763199466692E-03 -0.300000106159657E+01
  0.350673334851978E-03 -0.300000107943811E+01
  0.353607822693112E-03 -0.300000109757951E+01
  0.356566866775152E-03 -0.300000111602580E+01
  0.359550672588459E-03 -0.300000113478210E+01
  0.362559447342969E-03 -0.300000115385362E+01
  0.365593399982583E-03 -0.300000117324567E+01
  0.368652741199676E-03 -0.300000119296363E+01
  0.371737683449727E-03 -0.300000121301297E+01
  0.374848440966078E-03 -0.300000123339927E+01
  0.377985229774806E-03 -0.300000125412819E+01
  0.381148267709729E-03 -0.300000127520548E+01
  0.384337774427529E-03 -0.300000129663701E+01
  0.387553971423010E-03 -0.300000131842872E+01
  0.390797082044478E-03 -0.300000134058667E+01
  0.394067331509252E-03 -0.300000136311702E+01
  0.397364946919304E-03 -0.300000138602602E+01
  0.400690157277029E-03 -0.300000140932003E+01
  0.404043193501149E-03 -0.300000143300553E+01
  0.407424288442750E-03 -0.300000145708910E+01
  0.410833676901449E-03 -0.300000148157743E+01
  0.414271595641706E-03 -0.300000150647731E+01
  0.417738283409258E-03 -0.300000153179567E+01
  0.421233980947704E-03 -0.300000155753954E+01
  0.424758931015223E-03 -0.300000158371606E+01
  0.428313378401431E-03 -0.300000161033252E+01
  0.431897569944380E-03 -0.300000163739631E+01
  0.435511754547701E-03 -0.300000166491494E+01
  0.439156183197889E-03 -0.300000169289605E+01
  0.442831108981730E-03 -0.300000172134743E+01
  0.446536787103882E-03 -0.300000175027697E+01
  0.450273474904591E-03 -0.300000177969271E+01
  0.454041431877569E-03 -0.300000180960281E+01
  0.457840919688008E-03 -0.300000184001560E+01
  0.461672202190754E-03 -0.300000187093952E+01
  0.465535545448634E-03 -0.300000190238315E+01
  0.469431217750925E-03 -0.300000193435524E+01
  0.473359489631992E-03 -0.300000196686466E+01
  0.477320633890072E-03 -0.300000199992044E+01
  0.481314925606219E-03 -0.300000203353177E+01
  0.485342642163408E-03 -0.300000206770799E+01
  0.489404063265796E-03 -0.300000210245858E+01
  0.493499470958147E-03 -0.300000213779320E+01
  0.497629149645420E-03 -0.300000217372166E+01
  0.501793386112515E-03 -0.300000221025396E+01
  0.505992469544195E-03 -0.300000224740022E+01
  0.510226691545162E-03 -0.300000228517078E+01
  0.514496346160314E-03 -0.300000232357613E+01
  0.518801729895159E-03 -0.300000236262692E+01
  0.523143141736409E-03 -0.300000240233402E+01
  0.527520883172741E-03 -0.300000244270845E+01
  0.531935258215737E-03 -0.300000248376143E+01
  0.536386573420994E-03 -0.300000252550435E+01
  0.540875137909412E-03 -0.300000256794882E+01
  0.545401263388662E-03 -0.300000261110663E+01
  0.549965264174832E-03 -0.300000265498976E+01
  0.554567457214256E-03 -0.300000269961041E+01
  0.559208162105522E-03 -0.300000274498097E+01
  0.563887701121668E-03 -0.300000279111404E+01
  0.568606399232561E-03 -0.300000283802244E+01
  0.573364584127468E-03 -0.300000288571919E+01
  0.578162586237806E-03 -0.300000293421756E+01
  0.583000738760095E-03 -0.300000298353100E+01
  0.587879377679093E-03 -0.300000303367322E+01
  0.592798841791131E-03 -0.300000308465815E+01
  0.597759472727638E-03 -0.300000313649995E+01
  0.602761614978866E-03 -0.300000318921303E+01
  0.607805615917816E-03 -0.300000324281201E+01
  0.612891825824357E-03 -0.300000329731180E+01
  0.618020597909555E-03 -0.300000335272753E+01
  0.623192288340200E-03 -0.300000340907459E+01
  0.628407256263538E-03 -0.300000346636865E+01
  0.633665863832215E-03 -0.300000352462561E+01
  0.638968476229427E-03 -0.300000358386165E+01
  0.644315461694275E-03 -0.300000364409323E+01
  0.649707191547344E-03 -0.300000370533709E+01
  0.655144040216485E-03 -0.300000376761023E+01
  0.660626385262819E-03 -0.300000383092996E+01
  0.666154607406954E-03 -0.300000389531386E+01
  0.671729090555427E-03 -0.300000396077982E+01
  0.677350221827365E-03 -0.300000402734602E+01
  0.683018391581364E-03 -0.300000409503096E+01
  0.688733993442603E-03 -0.300000416385343E+01
  0.694497424330173E-03 -0.300000423383255E+01
  0.700309084484648E-03 -0.300000430498777E+01
  0.706169377495874E-03 -0.300000437733885E+01
  0.712078710330997E-03 -0.300000445090589E+01
  0.718037493362730E-03 -0.300000452570932E+01
  0.724046140397843E-03 -0.300000460176992E+01
  0.730105068705906E-03 -0.300000467910882E+01
  0.736214699048266E-03 -0.300000475774750E+01
  0.742375455707262E-03 -0.300000483770782E+01
  0.748587766515693E-03 -0.300000491901198E+01
  0.754852062886529E-03 -0.300000500168256E+01
  0.761168779842869E-03 -0.300000508574253E+01
  0.767538356048150E-03 -0.300000517121524E+01
  0.773961233836615E-03 -0.300000525812444E+01
  0.780437859244023E-03 -0.300000534649426E+01
  0.786968682038631E-03 -0.300000543634926E+01
  0.793554155752425E-03 -0.300000552771439E+01
  0.800194737712613E-03 -0.300000562061504E+01
  0.806890889073390E-03 -0.300000571507701E+01
  0.813643074847959E-03 -0.300000581112654E+01
  0.820451763940822E-03 -0.300000590879031E+01
  0.827317429180347E-03 -0.300000600809545E+01
  0.834240547351602E-03 -0.300000610906955E+01
  0.841221599229464E-03 -0.300000621174065E+01
  0.848261069612008E-03 -0.300000631613728E+01
  0.855359447354173E-03 -0.300000642228844E+01
  0.862517225401711E-03 -0.300000653022361E+01
  0.869734900825417E-03 -0.300000663997278E+01
  0.877012974855653E-03 -0.300000675156643E+01
  0.884351952917151E-03 -0.300000686503557E+01
  0.891752344664115E-03 -0.300000698041170E+01
  0.899214664015612E-03 -0.300000709772689E+01
  0.906739429191263E-03 -0.300000721701372E+01
  0.914327162747229E-03 -0.300000733830533E+01
  0.921978391612501E-03 -0.300000746163540E+01
  0.929693647125492E-03 -0.300000758703821E+01
  0.937473465070934E-03 -0.300000771454858E+01
  0.945318385717091E-03 -0.300000784420193E+01
  0.953228953853269E-03 -0.300000797603429E+01
  0.961205718827659E-03 -0.300000811008226E+01
  0.969249234585477E-03 -0.300000824638310E+01
  0.977360059707440E-03 -0.300000838497465E+01
  0.985538757448552E-03 -0.300000852589543E+01
  0.993785895777219E-03 -0.300000866918457E+01
  0.100210204741470E-02 -0.300000881488187E+01
  0.101048778987486E-02 -0.300000896302782E+01
  0.101894370550430E-02 -0.300000911366357E+01
  0.102747038152278E-02 -0.300000926683095E+01
  0.103606841006400E-02 -0.300000942257252E+01
  0.104473838821675E-02 -0.300000958093154E+01
  0.105348091806631E-02 -0.300000974195200E+01
  0.106229660673633E-02 -0.300000990567862E+01
  0.107118606643095E-02 -0.300001007215690E+01
  0.108014991447734E-02 -0.300001024143307E+01
  0.108918877336855E-02 -0.300001041355415E+01
  0.109830327080674E-02 -0.300001058856797E+01
  0.110749403974679E-02 -0.300001076652313E+01
  0.111676171844023E-02 -0.300001094746908E+01
  0.112610695047959E-02 -0.300001113145606E+01
  0.113553038484306E-02 -0.300001131853520E+01
  0.114503267593961E-02 -0.300001150875847E+01
  0.115461448365437E-02 -0.300001170217869E+01
  0.116427647339452E-02 -0.300001189884960E+01
  0.117401931613543E-02 -0.300001209882584E+01
  0.118384368846734E-02 -0.300001230216296E+01
  0.119375027264226E-02 -0.300001250891743E+01
  0.120373975662141E-02 -0.300001271914670E+01
  0.121381283412297E-02 -0.300001293290916E+01
  0.122397020467027E-02 -0.300001315026419E+01
  0.123421257364033E-02 -0.300001337127217E+01
  0.124454065231289E-02 -0.300001359599449E+01
  0.125495515791980E-02 -0.300001382449358E+01
  0.126545681369480E-02 -0.300001405683291E+01
  0.127604634892375E-02 -0.300001429307703E+01
  0.128672449899530E-02 -0.300001453329155E+01
  0.129749200545194E-02 -0.300001477754321E+01
  0.130834961604151E-02 -0.300001502589986E+01
  0.131929808476910E-02 -0.300001527843048E+01
  0.133033817194944E-02 -0.300001553520523E+01
  0.134147064425969E-02 -0.300001579629544E+01
  0.135269627479268E-02 -0.300001606177362E+01
  0.136401584311059E-02 -0.300001633171354E+01
  0.137543013529911E-02 -0.300001660619017E+01
  0.138693994402200E-02 -0.300001688527976E+01
  0.139854606857616E-02 -0.300001716905984E+01
  0.141024931494713E-02 -0.300001745760923E+01
  0.142205049586506E-02 -0.300001775100810E+01
  0.143395043086113E-02 -0.300001804933794E+01
  0.144594994632451E-02 -0.300001835268164E+01
  0.145804987555971E-02 -0.300001866112345E+01
  0.147025105884444E-02 -0.300001897474905E+01
  0.148255434348801E-02 -0.300001929364556E+01
  0.149496058389013E-02 -0.300001961790158E+01
  0.150747064160026E-02 -0.300001994760717E+01
  0.152008538537743E-02 -0.300002028285393E+01
  0.153280569125058E-02 -0.300002062373498E+01
  0.154563244257941E-02 -0.300002097034501E+01
  0.155856653011568E-02 -0.300002132278031E+01
  0.157160885206512E-02 -0.300002168113877E+01
  0.158476031414977E-02 -0.300002204551996E+01
  0.159802182967090E-02 -0.300002241602508E+01
  0.161139431957241E-02 -0.300002279275706E+01
  0.162487871250480E-02 -0.300002317582055E+01
  0.163847594488969E-02 -0.300002356532197E+01
  0.165218696098476E-02 -0.300002396136950E+01
  0.166601271294944E-02 -0.300002436407318E+01
  0.167995416091095E-02 -0.300002477354486E+01
  0.169401227303098E-02 -0.300002518989828E+01
  0.170818802557299E-02 -0.300002561324912E+01
  0.172248240296992E-02 -0.300002604371497E+01
  0.173689639789262E-02 -0.300002648141541E+01
  0.175143101131875E-02 -0.300002692647202E+01
  0.176608725260231E-02 -0.300002737900844E+01
  0.178086613954372E-02 -0.300002783915039E+01
  0.179576869846051E-02 -0.300002830702567E+01
  0.181079596425860E-02 -0.300002878276426E+01
  0.182594898050415E-02 -0.300002926649832E+01
  0.184122879949604E-02 -0.300002975836223E+01
  0.185663648233895E-02 -0.300003025849261E+01
  0.187217309901707E-02 -0.300003076702840E+01
  0.188783972846833E-02 -0.300003128411086E+01
  0.190363745865942E-02 -0.300003180988363E+01
  0.191956738666128E-02 -0.300003234449278E+01
  0.193563061872531E-02 -0.300003288808679E+01
  0.195182827036020E-02 -0.300003344081670E+01
  0.196816146640937E-02 -0.300003400283602E+01
  0.198463134112912E-02 -0.300003457430089E+01
  0.200123903826735E-02 -0.300003515537006E+01
  0.201798571114306E-02 -0.300003574620493E+01
  0.203487252272636E-02 -0.300003634696965E+01
  0.205190064571928E-02 -0.300003695783108E+01
  0.206907126263722E-02 -0.300003757895893E+01
  0.208638556589102E-02 -0.300003821052575E+01
  0.210384475786982E-02 -0.300003885270696E+01
  0.212145005102452E-02 -0.300003950568097E+01
  0.213920266795198E-02 -0.300004016962916E+01
  0.215710384147998E-02 -0.300004084473598E+01
  0.217515481475276E-02 -0.300004153118895E+01
  0.219335684131737E-02 -0.300004222917878E+01
  0.221171118521076E-02 -0.300004293889936E+01
  0.223021912104751E-02 -0.300004366054784E+01
  0.224888193410840E-02 -0.300004439432469E+01
  0.226770092042960E-02 -0.300004514043374E+01
  0.228667738689272E-02 -0.300004589908227E+01
  0.230581265131556E-02 -0.300004667048101E+01
  0.232510804254363E-02 -0.300004745484425E+01
  0.234456490054239E-02 -0.300004825238989E+01
  0.236418457649037E-02 -0.300004906333947E+01
  0.238396843287294E-02 -0.300004988791828E+01
  0.240391784357697E-02 -0.300005072635536E+01
  0.242403419398622E-02 -0.300005157888365E+01
  0.244431888107755E-02 -0.300005244573995E+01
  0.246477331351795E-02 -0.300005332716508E+01
  0.248539891176232E-02 -0.300005422340389E+01
  0.250619710815217E-02 -0.300005513470536E+01
  0.252716934701505E-02 -0.300005606132262E+01
  0.254831708476487E-02 -0.300005700351310E+01
  0.256964179000302E-02 -0.300005796153852E+01
  0.259114494362038E-02 -0.300005893566503E+01
  0.261282803890015E-02 -0.300005992616322E+01
  0.263469258162155E-02 -0.300006093330825E+01
  0.265674009016439E-02 -0.300006195737990E+01
  0.267897209561451E-02 -0.300006299866265E+01
  0.270139014187012E-02 -0.300006405744577E+01
  0.272399578574899E-02 -0.300006513402338E+01
  0.274679059709658E-02 -0.300006622869454E+01
  0.276977615889507E-02 -0.300006734176335E+01
  0.279295406737326E-02 -0.300006847353902E+01
  0.281632593211745E-02 -0.300006962433595E+01
  0.283989337618318E-02 -0.300007079447382E+01
  0.286365803620801E-02 -0.300007198427770E+01
  0.288762156252507E-02 -0.300007319407810E+01
  0.291178561927779E-02 -0.300007442421111E+01
  0.293615188453536E-02 -0.300007567501844E+01
  0.296072205040934E-02 -0.300007694684759E+01
  0.298549782317111E-02 -0.300007824005184E+01
  0.301048092337040E-02 -0.300007955499045E+01
  0.303567308595478E-02 -0.300008089202872E+01
  0.306107606039010E-02 -0.300008225153805E+01
  0.308669161078202E-02 -0.300008363389613E+01
  0.311252151599849E-02 -0.300008503948696E+01
  0.313856756979332E-02 -0.300008646870102E+01
  0.316483158093071E-02 -0.300008792193535E+01
  0.319131537331087E-02 -0.300008939959364E+01
  0.321802078609670E-02 -0.300009090208639E+01
  0.324494967384149E-02 -0.300009242983100E+01
  0.327210390661770E-02 -0.300009398325187E+01
  0.329948537014686E-02 -0.300009556278053E+01
  0.332709596593049E-02 -0.300009716885578E+01
  0.335493761138218E-02 -0.300009880192380E+01
  0.338301223996072E-02 -0.300010046243824E+01
  0.341132180130437E-02 -0.300010215086040E+01
  0.343986826136626E-02 -0.300010386765932E+01
  0.346865360255094E-02 -0.300010561331194E+01
  0.349767982385200E-02 -0.300010738830320E+01
  0.352694894099091E-02 -0.300010919312619E+01
  0.355646298655701E-02 -0.300011102828230E+01
  0.358622401014867E-02 -0.300011289428134E+01
  0.361623407851560E-02 -0.300011479164169E+01
  0.364649527570237E-02 -0.300011672089044E+01
  0.367700970319319E-02 -0.300011868256355E+01
  0.370777948005777E-02 -0.300012067720596E+01
  0.373880674309854E-02 -0.300012270537182E+01
  0.377009364699902E-02 -0.300012476762454E+01
  0.380164236447344E-02 -0.300012686453703E+01
  0.383345508641763E-02 -0.300012899669183E+01
  0.386553402206118E-02 -0.300013116468125E+01
  0.389788139912086E-02 -0.300013336910759E+01
  0.393049946395527E-02 -0.300013561058323E+01
  0.396339048172094E-02 -0.300013788973089E+01
  0.399655673652953E-02 -0.300014020718371E+01
  0.403000053160651E-02 -0.300014256358552E+01
  0.406372418945108E-02 -0.300014495959092E+01
  0.409773005199749E-02 -0.300014739586556E+01
  0.413202048077764E-02 -0.300014987308625E+01
  0.416659785708507E-02 -0.300015239194119E+01
  0.420146458214038E-02 -0.300015495313014E+01
  0.423662307725793E-02 -0.300015755736461E+01
  0.427207578401401E-02 -0.300016020536810E+01
  0.430782516441639E-02 -0.300016289787624E+01
  0.434387370107529E-02 -0.300016563563705E+01
  0.438022389737582E-02 -0.300016841941110E+01
  0.441687827765176E-02 -0.300017124997177E+01
  0.445383938736091E-02 -0.300017412810541E+01
  0.449110979326187E-02 -0.300017705461161E+01
  0.452869208359224E-02 -0.300018003030340E+01
  0.456658886824840E-02 -0.300018305600746E+01
  0.460480277896674E-02 -0.300018613256437E+01
  0.464333646950641E-02 -0.300018926082885E+01
  0.468219261583363E-02 -0.300019244166997E+01
  0.472137391630751E-02 -0.300019567597144E+01
  0.476088309186744E-02 -0.300019896463178E+01
  0.480072288622205E-02 -0.300020230856465E+01
  0.484089606603973E-02 -0.300020570869904E+01
  0.488140542114078E-02 -0.300020916597958E+01
  0.492225376469114E-02 -0.300021268136676E+01
  0.496344393339776E-02 -0.300021625583723E+01
  0.500497878770556E-02 -0.300021989038405E+01
  0.504686121199612E-02 -0.300022358601695E+01
  0.508909411478797E-02 -0.300022734376268E+01
  0.513168042893853E-02 -0.300023116466522E+01
  0.517462311184787E-02 -0.300023504978608E+01
  0.521792514566399E-02 -0.300023900020466E+01
  0.526158953748997E-02 -0.300024301701847E+01
  0.530561931959279E-02 -0.300024710134347E+01
  0.535001754961392E-02 -0.300025125431440E+01
  0.539478731078160E-02 -0.300025547708506E+01
  0.543993171212502E-02 -0.300025977082864E+01
  0.548545388869020E-02 -0.300026413673806E+01
  0.553135700175770E-02 -0.300026857602630E+01
  0.557764423906213E-02 -0.300027308992670E+01
  0.562431881501359E-02 -0.300027767969337E+01
  0.567138397092084E-02 -0.300028234660148E+01
  0.571884297521638E-02 -0.300028709194763E+01
  0.576669912368348E-02 -0.300029191705025E+01
  0.581495573968501E-02 -0.300029682324988E+01
  0.586361617439426E-02 -0.300030181190965E+01
  0.591268380702764E-02 -0.300030688441556E+01
  0.596216204507936E-02 -0.300031204217694E+01
  0.601205432455804E-02 -0.300031728662679E+01
  0.606236411022539E-02 -0.300032261922222E+01
  0.611309489583672E-02 -0.300032804144481E+01
  0.616425020438365E-02 -0.300033355480107E+01
  0.621583358833871E-02 -0.300033916082282E+01
  0.626784862990209E-02 -0.300034486106765E+01
  0.632029894125035E-02 -0.300035065711930E+01
  0.637318816478730E-02 -0.300035655058817E+01
  0.642651997339694E-02 -0.300036254311171E+01
  0.648029807069853E-02 -0.300036863635491E+01
  0.653452619130376E-02 -0.300037483201075E+01
  0.658920810107614E-02 -0.300038113180066E+01
  0.664434759739248E-02 -0.300038753747501E+01
  0.669994850940665E-02 -0.300039405081362E+01
  0.675601469831542E-02 -0.300040067362620E+01
  0.681255005762667E-02 -0.300040740775290E+01
  0.686955851342975E-02 -0.300041425506482E+01
  0.692704402466809E-02 -0.300042121746448E+01
  0.698501058341420E-02 -0.300042829688641E+01
  0.704346221514684E-02 -0.300043549529767E+01
  0.710240297903059E-02 -0.300044281469836E+01
  0.716183696819774E-02 -0.300045025712225E+01
  0.722176831003254E-02 -0.300045782463726E+01
  0.728220116645781E-02 -0.300046551934611E+01
  0.734313973422398E-02 -0.300047334338683E+01
  0.740458824520052E-02 -0.300048129893345E+01
  0.746655096666983E-02 -0.300048938819651E+01
  0.752903220162358E-02 -0.300049761342372E+01
  0.759203628906154E-02 -0.300050597690060E+01
  0.765556760429287E-02 -0.300051448095109E+01
  0.771963055923999E-02 -0.300052312793819E+01
  0.778422960274497E-02 -0.300053192026463E+01
  0.784936922087845E-02 -0.300054086037356E+01
  0.791505393725121E-02 -0.300054995074919E+01
  0.798128831332828E-02 -0.300055919391749E+01
  0.804807694874573E-02 -0.300056859244693E+01
  0.811542448163008E-02 -0.300057814894913E+01
  0.818333558892041E-02 -0.300058786607965E+01
  0.825181498669311E-02 -0.300059774653869E+01
  0.832086743048945E-02 -0.300060779307184E+01
  0.839049771564578E-02 -0.300061800847089E+01
  0.846071067762654E-02 -0.300062839557452E+01
  0.853151119236009E-02 -0.300063895726920E+01
  0.860290417657729E-02 -0.300064969648988E+01
  0.867489458815297E-02 -0.300066061622091E+01
  0.874748742645020E-02 -0.300067171949677E+01
  0.882068773266746E-02 -0.300068300940302E+01
  0.889450059018878E-02 -0.300069448907706E+01
  0.896893112493671E-02 -0.300070616170907E+01
  0.904398450572829E-02 -0.300071803054287E+01
  0.911966594463402E-02 -0.300073009887682E+01
  0.919598069733978E-02 -0.300074237006475E+01
  0.927293406351187E-02 -0.300075484751690E+01
  0.935053138716496E-02 -0.300076753470084E+01
  0.942877805703326E-02 -0.300078043514246E+01
  0.950767950694476E-02 -0.300079355242693E+01
  0.958724121619849E-02 -0.300080689019973E+01
  0.966746870994515E-02 -0.300082045216764E+01
  0.974836755957070E-02 -0.300083424209977E+01
  0.982994338308333E-02 -0.300084826382861E+01
  0.991220184550356E-02 -0.300086252125113E+01
  0.999514865925767E-02 -0.300087701832980E+01
  0.100787895845744E-01 -0.300089175909377E+01
  0.101631304298849E-01 -0.300090674763992E+01
  0.102481770522264E-01 -0.300092198813403E+01
  0.103339353576483E-01 -0.300093748481198E+01
  0.104204113016230E-01 -0.300095324198085E+01
  0.105076108894592E-01 -0.300096926402017E+01
  0.105955401767188E-01 -0.300098555538314E+01
  0.106842052696377E-01 -0.300100212059786E+01
  0.107736123255496E-01 -0.300101896426856E+01
  0.108637675533138E-01 -0.300103609107696E+01
  0.109546772137463E-01 -0.300105350578348E+01
  0.110463476200544E-01 -0.300107121322862E+01
  0.111387851382754E-01 -0.300108921833433E+01
  0.112319961877185E-01 -0.300110752610531E+01
  0.113259872414108E-01 -0.300112614163045E+01
  0.114207648265465E-01 -0.300114507008426E+01
  0.115163355249405E-01 -0.300116431672828E+01
  0.116127059734853E-01 -0.300118388691254E+01
  0.117098828646117E-01 -0.300120378607708E+01
  0.118078729467542E-01 -0.300122401975346E+01
  0.119066830248188E-01 -0.300124459356628E+01
  0.120063199606563E-01 -0.300126551323476E+01
  0.121067906735384E-01 -0.300128678457433E+01
  0.122081021406383E-01 -0.300130841349826E+01
  0.123102613975152E-01 -0.300133040601930E+01
  0.124132755386030E-01 -0.300135276825134E+01
  0.125171517177030E-01 -0.300137550641115E+01
  0.126218971484805E-01 -0.300139862682006E+01
  0.127275191049657E-01 -0.300142213590579E+01
  0.128340249220593E-01 -0.300144604020417E+01
  0.129414219960412E-01 -0.300147034636102E+01
  0.130497177850849E-01 -0.300149506113395E+01
  0.131589198097747E-01 -0.300152019139428E+01
  0.132690356536285E-01 -0.300154574412897E+01
  0.133800729636241E-01 -0.300157172644250E+01
  0.134920394507305E-01 -0.300159814555892E+01
  0.136049428904431E-01 -0.300162500882382E+01
  0.137187911233239E-01 -0.300165232370642E+01
  0.138335920555461E-01 -0.300168009780160E+01
  0.139493536594426E-01 -0.300170833883206E+01
  0.140660839740603E-01 -0.300173705465044E+01
  0.141837911057180E-01 -0.300176625324154E+01
  0.143024832285693E-01 -0.300179594272454E+01
  0.144221685851704E-01 -0.300182613135524E+01
  0.145428554870526E-01 -0.300185682752840E+01
  0.146645523152991E-01 -0.300188803978004E+01
  0.147872675211276E-01 -0.300191977678986E+01
  0.149110096264766E-01 -0.300195204738362E+01
  0.150357872245977E-01 -0.300198486053567E+01
  0.151616089806519E-01 -0.300201822537135E+01
  0.152884836323118E-01 -0.300205215116965E+01
  0.154164199903681E-01 -0.300208664736571E+01
  0.155454269393414E-01 -0.300212172355349E+01
  0.156755134380996E-01 -0.300215738948846E+01
  0.158066885204795E-01 -0.300219365509030E+01
  0.159389612959145E-01 -0.300223053044566E+01
  0.160723409500673E-01 -0.300226802581100E+01
  0.162068367454675E-01 -0.300230615161546E+01
  0.163424580221548E-01 -0.300234491846373E+01
  0.164792141983280E-01 -0.300238433713904E+01
  0.166171147709987E-01 -0.300242441860618E+01
  0.167561693166511E-01 -0.300246517401453E+01
  0.168963874919066E-01 -0.300250661470119E+01
  0.170377790341949E-01 -0.300254875219416E+01
  0.171803537624298E-01 -0.300259159821553E+01
  0.173241215776916E-01 -0.300263516468480E+01
  0.174690924639141E-01 -0.300267946372213E+01
  0.176152764885781E-01 -0.300272450765182E+01
  0.177626838034108E-01 -0.300277030900568E+01
  0.179113246450905E-01 -0.300281688052658E+01
  0.180612093359576E-01 -0.300286423517197E+01
  0.182123482847314E-01 -0.300291238611753E+01
  0.183647519872331E-01 -0.300296134676085E+01
  0.185184310271143E-01 -0.300301113072515E+01
  0.186733960765923E-01 -0.300306175186312E+01
  0.188296578971912E-01 -0.300311322426077E+01
  0.189872273404890E-01 -0.300316556224138E+01
  0.191461153488716E-01 -0.300321878036950E+01
  0.193063329562923E-01 -0.300327289345501E+01
  0.194678912890382E-01 -0.300332791655730E+01
  0.196308015665029E-01 -0.300338386498944E+01
  0.197950751019656E-01 -0.300344075432247E+01
  0.199607233033767E-01 -0.300349860038978E+01
  0.201277576741501E-01 -0.300355741929152E+01
  0.202961898139620E-01 -0.300361722739910E+01
  0.204660314195565E-01 -0.300367804135979E+01
  0.206372942855577E-01 -0.300373987810138E+01
  0.208099903052891E-01 -0.300380275483686E+01
  0.209841314715993E-01 -0.300386668906934E+01
  0.211597298776947E-01 -0.300393169859685E+01
  0.213367977179797E-01 -0.300399780151739E+01
  0.215153472889033E-01 -0.300406501623397E+01
  0.216953909898129E-01 -0.300413336145974E+01
  0.218769413238157E-01 -0.300420285622329E+01
  0.220600108986468E-01 -0.300427351987393E+01
  0.222446124275446E-01 -0.300434537208712E+01
  0.224307587301340E-01 -0.300441843287001E+01
  0.226184627333163E-01 -0.300449272256700E+01
  0.228077374721671E-01 -0.300456826186547E+01
  0.229985960908417E-01 -0.300464507180158E+01
  0.231910518434875E-01 -0.300472317376613E+01
  0.233851180951646E-01 -0.300480258951062E+01
  0.235808083227740E-01 -0.300488334115328E+01
  0.237781361159936E-01 -0.300496545118532E+01
  0.239771151782217E-01 -0.300504894247720E+01
  0.241777593275285E-01 -0.300513383828508E+01
  0.243800824976163E-01 -0.300522016225730E+01
  0.245840987387865E-01 -0.300530793844106E+01
  0.247898222189155E-01 -0.300539719128914E+01
  0.249972672244390E-01 -0.300548794566674E+01
  0.252064481613433E-01 -0.300558022685851E+01
  0.254173795561665E-01 -0.300567406057561E+01
  0.256300760570070E-01 -0.300576947296292E+01
  0.258445524345405E-01 -0.300586649060640E+01
  0.260608235830461E-01 -0.300596514054055E+01
  0.262789045214404E-01 -0.300606545025599E+01
  0.264988103943208E-01 -0.300616744770719E+01
  0.267205564730168E-01 -0.300627116132032E+01
  0.269441581566506E-01 -0.300637662000123E+01
  0.271696309732070E-01 -0.300648385314355E+01
  0.273969905806110E-01 -0.300659289063701E+01
  0.276262527678155E-01 -0.300670376287577E+01
  0.278574334558980E-01 -0.300681650076700E+01
  0.280905486991658E-01 -0.300693113573956E+01
  0.283256146862711E-01 -0.300704769975282E+01
  0.285626477413353E-01 -0.300716622530566E+01
  0.288016643250825E-01 -0.300728674544562E+01
  0.290426810359826E-01 -0.300740929377816E+01
  0.292857146114040E-01 -0.300753390447612E+01
  0.295307819287761E-01 -0.300766061228937E+01
  0.297779000067610E-01 -0.300778945255452E+01
  0.300270860064358E-01 -0.300792046120493E+01
  0.302783572324837E-01 -0.300805367478077E+01
  0.305317311343966E-01 -0.300818913043932E+01
  0.307872253076861E-01 -0.300832686596542E+01
  0.310448574951058E-01 -0.300846691978215E+01
  0.313046455878833E-01 -0.300860933096156E+01
  0.315666076269629E-01 -0.300875413923576E+01
  0.318307618042581E-01 -0.300890138500805E+01
  0.320971264639151E-01 -0.300905110936433E+01
  0.323657201035868E-01 -0.300920335408463E+01
  0.326365613757173E-01 -0.300935816165494E+01
  0.329096690888370E-01 -0.300951557527913E+01
  0.331850622088691E-01 -0.300967563889111E+01
  0.334627598604465E-01 -0.300983839716728E+01
  0.337427813282399E-01 -0.301000389553905E+01
  0.340251460582972E-01 -0.301017218020565E+01
  0.343098736593937E-01 -0.301034329814720E+01
  0.345969839043938E-01 -0.301051729713790E+01
  0.348864967316243E-01 -0.301069422575952E+01
  0.351784322462592E-01 -0.301087413341509E+01
  0.354728107217152E-01 -0.301105707034283E+01
  0.357696526010605E-01 -0.301124308763031E+01
  0.360689784984337E-01 -0.301143223722886E+01
  0.363708092004757E-01 -0.301162457196824E+01
  0.366751656677733E-01 -0.301182014557149E+01
  0.369820690363146E-01 -0.301201901267011E+01
  0.372915406189568E-01 -0.301222122881949E+01
  0.376036019069064E-01 -0.301242685051454E+01
  0.379182745712116E-01 -0.301263593520562E+01
  0.382355804642673E-01 -0.301284854131480E+01
  0.385555416213324E-01 -0.301306472825228E+01
  0.388781802620602E-01 -0.301328455643319E+01
  0.392035187920417E-01 -0.301350808729458E+01
  0.395315798043610E-01 -0.301373538331282E+01
  0.398623860811648E-01 -0.301396650802115E+01
  0.401959605952440E-01 -0.301420152602766E+01
  0.405323265116295E-01 -0.301444050303349E+01
  0.408715071892008E-01 -0.301468350585133E+01
  0.412135261823078E-01 -0.301493060242431E+01
  0.415584072424069E-01 -0.301518186184516E+01
  0.419061743197104E-01 -0.301543735437563E+01
  0.422568515648496E-01 -0.301569715146639E+01
  0.426104633305518E-01 -0.301596132577711E+01
  0.429670341733316E-01 -0.301622995119697E+01
  0.433265888551967E-01 -0.301650310286548E+01
  0.436891523453664E-01 -0.301678085719365E+01
  0.440547498220068E-01 -0.301706329188554E+01
  0.444234066739784E-01 -0.301735048596015E+01
  0.447951485025995E-01 -0.301764251977365E+01
  0.451700011234245E-01 -0.301793947504204E+01
  0.455479905680358E-01 -0.301824143486416E+01
  0.459291430858525E-01 -0.301854848374507E+01
  0.463134851459525E-01 -0.301886070761980E+01
  0.467010434389112E-01 -0.301917819387762E+01
  0.470918448786546E-01 -0.301950103138650E+01
  0.474859166043287E-01 -0.301982931051819E+01
  0.478832859821838E-01 -0.302016312317358E+01
  0.482839806074755E-01 -0.302050256280853E+01
  0.486880283063802E-01 -0.302084772446012E+01
  0.490954571379285E-01 -0.302119870477331E+01
  0.495062953959529E-01 -0.302155560202808E+01
  0.499205716110531E-01 -0.302191851616700E+01
  0.503383145525771E-01 -0.302228754882322E+01
  0.507595532306194E-01 -0.302266280334898E+01
  0.511843168980353E-01 -0.302304438484449E+01
  0.516126350524722E-01 -0.302343240018744E+01
  0.520445374384187E-01 -0.302382695806277E+01
  0.524800540492696E-01 -0.302422816899316E+01
  0.529192151294089E-01 -0.302463614536981E+01
  0.533620511763105E-01 -0.302505100148383E+01
  0.538085929426554E-01 -0.302547285355813E+01
  0.542588714384681E-01 -0.302590181977978E+01
  0.547129179332695E-01 -0.302633802033290E+01
  0.551707639582487E-01 -0.302678157743210E+01
  0.556324413084524E-01 -0.302723261535642E+01
  0.560979820449934E-01 -0.302769126048383E+01
  0.565674184972765E-01 -0.302815764132625E+01
  0.570407832652441E-01 -0.302863188856515E+01
  0.575181092216397E-01 -0.302911413508769E+01
  0.579994295142909E-01 -0.302960451602343E+01
  0.584847775684116E-01 -0.303010316878160E+01
  0.589741870889227E-01 -0.303061023308893E+01
  0.594676920627933E-01 -0.303112585102816E+01
  0.599653267614003E-01 -0.303165016707695E+01
  0.604671257429090E-01 -0.303218332814761E+01
  0.609731238546725E-01 -0.303272548362724E+01
  0.614833562356520E-01 -0.303327678541859E+01
  0.619978583188566E-01 -0.303383738798147E+01
  0.625166658338045E-01 -0.303440744837482E+01
  0.630398148090039E-01 -0.303498712629939E+01
  0.635673415744549E-01 -0.303557658414100E+01
  0.640992827641727E-01 -0.303617598701449E+01
  0.646356753187315E-01 -0.303678550280828E+01
  0.651765564878298E-01 -0.303740530222960E+01
  0.657219638328772E-01 -0.303803555885028E+01
  0.662719352296030E-01 -0.303867644915327E+01
  0.668265088706864E-01 -0.303932815257979E+01
  0.673857232684087E-01 -0.303999085157709E+01
  0.679496172573276E-01 -0.304066473164692E+01
  0.685182299969747E-01 -0.304134998139463E+01
  0.690916009745742E-01 -0.304204679257890E+01
  0.696697700077857E-01 -0.304275536016217E+01
  0.702527772474686E-01 -0.304347588236171E+01
  0.708406631804713E-01 -0.304420856070135E+01
  0.714334686324420E-01 -0.304495360006383E+01
  0.720312347706642E-01 -0.304571120874390E+01
  0.726340031069154E-01 -0.304648159850193E+01
  0.732418155003503E-01 -0.304726498461828E+01
  0.738547141604070E-01 -0.304806158594829E+01
  0.744727416497387E-01 -0.304887162497786E+01
  0.750959408871696E-01 -0.304969532787969E+01
  0.757243551506749E-01 -0.305053292457020E+01
  0.763580280803865E-01 -0.305138464876694E+01
  0.769970036816237E-01 -0.305225073804673E+01
  0.776413263279489E-01 -0.305313143390433E+01
  0.782910407642493E-01 -0.305402698181170E+01
  0.789461921098439E-01 -0.305493763127783E+01
  0.796068258616175E-01 -0.305586363590915E+01
  0.802729878971792E-01 -0.305680525347044E+01
  0.809447244780493E-01 -0.305776274594627E+01
  0.816220822528715E-01 -0.305873637960296E+01
  0.823051082606523E-01 -0.305972642505099E+01
  0.829938499340279E-01 -0.306073315730790E+01
  0.836883551025578E-01 -0.306175685586152E+01
  0.843886719960469E-01 -0.306279780473377E+01
  0.850948492478941E-01 -0.306385629254463E+01
  0.858069358984703E-01 -0.306493261257658E+01
  0.865249813985233E-01 -0.306602706283931E+01
  0.872490356126127E-01 -0.306713994613466E+01
  0.879791488225720E-01 -0.306827157012175E+01
  0.887153717310009E-01 -0.306942224738240E+01
  0.894577554647862E-01 -0.307059229548653E+01
  0.902063515786521E-01 -0.307178203705773E+01
  0.909612120587407E-01 -0.307299179983881E+01
  0.917223893262221E-01 -0.307422191675728E+01
  0.924899362409347E-01 -0.307547272599079E+01
  0.932639061050559E-01 -0.307674457103233E+01
  0.940443526668040E-01 -0.307803780075521E+01
  0.948313301241707E-01 -0.307935276947772E+01
  0.956248931286844E-01 -0.308068983702735E+01
  0.964250967892061E-01 -0.308204936880455E+01
  0.972319966757560E-01 -0.308343173584590E+01
  0.980456488233727E-01 -0.308483731488652E+01
  0.988661097360046E-01 -0.308626648842180E+01
  0.996934363904336E-01 -0.308771964476810E+01
  0.100527686240232E+00 -0.308919717812252E+01
  0.101368917219753E+00 -0.309069948862145E+01
  0.102217187748152E+00 -0.309222698239784E+01
  0.103072556733446E+00 -0.309378007163707E+01
  0.103935083576602E+00 -0.309535917463117E+01
  0.104804828175665E+00 -0.309696471583136E+01
  0.105681850929914E+00 -0.309859712589864E+01
  0.106566212744060E+00 -0.310025684175224E+01
  0.107457975032474E+00 -0.310194430661588E+01
  0.108357199723449E+00 -0.310365997006144E+01
  0.109263949263508E+00 -0.310540428804998E+01
  0.110178286621732E+00 -0.310717772296981E+01
  0.111100275294138E+00 -0.310898074367138E+01
  0.112029979308089E+00 -0.311081382549878E+01
  0.112967463226736E+00 -0.311267745031752E+01
  0.113912792153506E+00 -0.311457210653834E+01
  0.114866031736622E+00 -0.311649828913677E+01
  0.115827248173660E+00 -0.311845649966811E+01
  0.116796508216147E+00 -0.312044724627745E+01
  0.117773879174198E+00 -0.312247104370451E+01
  0.118759428921189E+00 -0.312452841328277E+01
  0.119753225898471E+00 -0.312661988293265E+01
  0.120755339120122E+00 -0.312874598714821E+01
  0.121765838177741E+00 -0.313090726697704E+01
  0.122784793245280E+00 -0.313310426999280E+01
  0.123812275083916E+00 -0.313533755026002E+01
  0.124848355046969E+00 -0.313760766829058E+01
  0.125893105084851E+00 -0.313991519099136E+01
  0.126946597750069E+00 -0.314226069160260E+01
  0.128008906202259E+00 -0.314464474962618E+01
  0.129080104213269E+00 -0.314706795074342E+01
  0.130160266172279E+00 -0.314953088672164E+01
  0.131249467090970E+00 -0.315203415530882E+01
  0.132347782608734E+00 -0.315457836011565E+01
  0.133455288997922E+00 -0.315716411048417E+01
  0.134572063169145E+00 -0.315979202134241E+01
  0.135698182676615E+00 -0.316246271304384E+01
  0.136833725723526E+00 -0.316517681119119E+01
  0.137978771167493E+00 -0.316793494644337E+01
  0.139133398526019E+00 -0.317073775430476E+01
  0.140297687982024E+00 -0.317358587489578E+01
  0.141471720389411E+00 -0.317647995270367E+01
  0.142655577278679E+00 -0.317942063631246E+01
  0.143849340862588E+00 -0.318240857811091E+01
  0.145053094041867E+00 -0.318544443397725E+01
  0.146266920410970E+00 -0.318852886293940E+01
  0.147490904263884E+00 -0.319166252680945E+01
  0.148725130599978E+00 -0.319484608979087E+01
  0.149969685129911E+00 -0.319808021805722E+01
  0.151224654281581E+00 -0.320136557930053E+01
  0.152490125206128E+00 -0.320470284224813E+01
  0.153766185783985E+00 -0.320809267614596E+01
  0.155052924630984E+00 -0.321153575020686E+01
  0.156350431104506E+00 -0.321503273302185E+01
  0.157658795309689E+00 -0.321858429193272E+01
  0.158978108105683E+00 -0.322219109236375E+01
  0.160308461111963E+00 -0.322585379711070E+01
  0.161649946714690E+00 -0.322957306558481E+01
  0.163002658073124E+00 -0.323334955300963E+01
  0.164366689126098E+00 -0.323718390956837E+01
  0.165742134598540E+00 -0.324107677949938E+01
  0.167129090008047E+00 -0.324502880013714E+01
  0.168527651671527E+00 -0.324904060089633E+01
  0.169937916711878E+00 -0.325311280219613E+01
  0.171359983064739E+00 -0.325724601432196E+01
  0.172793949485291E+00 -0.326144083622182E+01
  0.174239915555109E+00 -0.326569785423411E+01
  0.175697981689087E+00 -0.327001764074381E+01
  0.177168249142403E+00 -0.327440075276380E+01
  0.178650820017553E+00 -0.327884773043802E+01
  0.180145797271445E+00 -0.328335909546275E+01
  0.181653284722545E+00 -0.328793534942275E+01
  0.183173387058086E+00 -0.329257697203831E+01
  0.184706209841341E+00 -0.329728441931949E+01
  0.186251859518954E+00 -0.330205812162356E+01
  0.187810443428329E+00 -0.330689848161169E+01
  0.189382069805085E+00 -0.331180587210061E+01
  0.190966847790576E+00 -0.331678063380504E+01
  0.192564887439464E+00 -0.332182307296651E+01
  0.194176299727367E+00 -0.332693345886411E+01
  0.195801196558565E+00 -0.333211202120248E+01
  0.197439690773767E+00 -0.333735894737259E+01
  0.199091896157953E+00 -0.334267437958032E+01
  0.200757927448272E+00 -0.334805841183821E+01
  0.202437900342011E+00 -0.335351108681539E+01
  0.204131931504629E+00 -0.335903239254072E+01
  0.205840138577860E+00 -0.336462225895425E+01
  0.207562640187881E+00 -0.337028055430189E+01
  0.209299555953553E+00 -0.337600708136831E+01
  0.211051006494723E+00 -0.338180157354303E+01
  0.212817113440606E+00 -0.338766369071471E+01
  0.214597999438226E+00 -0.339359301498865E+01
  0.216393788160939E+00 -0.339958904622277E+01
  0.218204604317016E+00 -0.340565119737707E+01
  0.220030573658306E+00 -0.341177878967220E+01
  0.221871822988971E+00 -0.341797104755247E+01
  0.223728480174287E+00 -0.342422709344919E+01
  0.225600674149526E+00 -0.343054594234024E+01
  0.227488534928912E+00 -0.343692649610225E+01
  0.229392193614646E+00 -0.344336753765200E+01
  0.231311782406013E+00 -0.344986772487404E+01
  0.233247434608563E+00 -0.345642558433216E+01
  0.235199284643364E+00 -0.346303950476258E+01
  0.237167468056342E+00 -0.346970773034764E+01
  0.239152121527692E+00 -0.347642835376926E+01
  0.241153382881370E+00 -0.348319930904206E+01
  0.243171391094662E+00 -0.349001836412738E+01
  0.245206286307839E+00 -0.349688311332963E+01
  0.247258209833886E+00 -0.350379096947817E+01
  0.249327304168316E+00 -0.351073915589855E+01
  0.251413712999069E+00 -0.351772469817842E+01
  0.253517581216485E+00 -0.352474441573477E+01
  0.255639054923368E+00 -0.353179491319073E+01
  0.257778281445135E+00 -0.353887257157153E+01
  0.259935409340042E+00 -0.354597353933154E+01
  0.262110588409505E+00 -0.355309372322558E+01
  0.264303969708499E+00 -0.356022877904050E+01
  0.266515705556052E+00 -0.356737410220459E+01
  0.268745949545820E+00 -0.357452481829554E+01
  0.270994856556754E+00 -0.358167577346963E+01
  0.273262582763857E+00 -0.358882152483816E+01
  0.275549285649025E+00 -0.359595633081984E+01
  0.277855124011989E+00 -0.360307414150106E+01
  0.280180257981340E+00 -0.361016858903959E+01
  0.282524849025650E+00 -0.361723297815065E+01
  0.284889059964683E+00 -0.362426027671802E+01
  0.287273054980704E+00 -0.363124310657724E+01
  0.289676999629880E+00 -0.363817373452166E+01
  0.292101060853780E+00 -0.364504406358694E+01
  0.294545406990961E+00 -0.365184562467386E+01
  0.297010207788666E+00 -0.365856956857430E+01
  0.299495634414607E+00 -0.366520665847000E+01
  0.302001859468854E+00 -0.367174726297889E+01
  0.304529056995822E+00 -0.367818134982895E+01
  0.307077402496353E+00 -0.368449848024484E+01
  0.309647072939910E+00 -0.369068780413795E+01
  0.312238246776862E+00 -0.369673805619589E+01
  0.314851103950877E+00 -0.370263755297281E+01
  0.317485825911420E+00 -0.370837419108744E+01
  0.320142595626354E+00 -0.371393544664072E+01
  0.322821597594643E+00 -0.371930837597030E+01
  0.325523017859166E+00 -0.372447961786366E+01
  0.328247044019639E+00 -0.372943539735655E+01
  0.330993865245640E+00 -0.373416153124716E+01
  0.333763672289746E+00 -0.373864343546061E+01
  0.336556657500784E+00 -0.374286613440088E+01
  0.339373014837180E+00 -0.374681427243018E+01
  0.342212939880437E+00 -0.375047212761726E+01
  0.345076629848715E+00 -0.375382362789655E+01
  0.347964283610522E+00 -0.375685236978020E+01
  0.350876101698530E+00 -0.375954163976308E+01
  0.353812286323499E+00 -0.376187443855831E+01
  0.356773041388319E+00 -0.376383350829618E+01
  0.359758572502170E+00 -0.376540136281380E+01
  0.362769086994802E+00 -0.376656032115482E+01
  0.365804793930931E+00 -0.376729254438881E+01
  0.368865904124759E+00 -0.376758007584865E+01
  0.371952630154612E+00 -0.376740488486974E+01
  0.375065186377706E+00 -0.376674891409899E+01
  0.378203788945030E+00 -0.376559413042250E+01
  0.381368655816355E+00 -0.376392257953969E+01
  0.384560006775375E+00 -0.376171644418722E+01
  0.387778063444969E+00 -0.375895810598962E+01
  0.391023049302585E+00 -0.375563021088350E+01
  0.394295189695769E+00 -0.375171573802987E+01
  0.397594711857808E+00 -0.374719807209384E+01
  0.400921844923510E+00 -0.374206107873277E+01
  0.404276819945120E+00 -0.373628918309315E+01
  0.407659869908364E+00 -0.372986745107345E+01
  0.411071229748625E+00 -0.372278167306438E+01
  0.414511136367264E+00 -0.371501844983050E+01
  0.417979828648067E+00 -0.370656528014778E+01
  0.421477547473837E+00 -0.369741064976107E+01
  0.425004535743119E+00 -0.368754412117365E+01
  0.428561038387073E+00 -0.367695642372952E+01
  0.432147302386477E+00 -0.366563954339666E+01
  0.435763576788885E+00 -0.365358681160934E+01
  0.439410112725916E+00 -0.364079299247736E+01
  0.443087163430698E+00 -0.362725436762357E+01
  0.446794984255452E+00 -0.361296881786665E+01
  0.450533832689226E+00 -0.359793590092580E+01
  0.454303968375773E+00 -0.358215692428908E+01
  0.458105653131589E+00 -0.356563501235656E+01
  0.461939150964086E+00 -0.354837516694675E+01
  0.465804728089933E+00 -0.353038432023836E+01
  0.469702652953538E+00 -0.351167137921162E+01
  0.473633196245694E+00 -0.349224726065449E+01
  0.477596630922378E+00 -0.347212491580955E+01
  0.481593232223700E+00 -0.345131934375832E+01
  0.485623277693025E+00 -0.342984759267116E+01
  0.489687047196239E+00 -0.340772874809376E+01
  0.493784822941193E+00 -0.338498390749533E+01
  0.497916889497292E+00 -0.336163614036925E+01
  0.502083533815264E+00 -0.333771043325474E+01
  0.506285045247083E+00 -0.331323361913693E+01
  0.510521715566065E+00 -0.328823429078383E+01
  0.514793838987128E+00 -0.326274269769055E+01
  0.519101712187229E+00 -0.323679062642485E+01
  0.523445634325958E+00 -0.321041126430277E+01
  0.527825907066321E+00 -0.318363904646893E+01
  0.532242834595686E+00 -0.315650948661376E+01
  0.536696723646905E+00 -0.312905899172954E+01
  0.541187883519621E+00 -0.310132466149003E+01
  0.545716626101739E+00 -0.307334407303644E+01
  0.550283265891093E+00 -0.304515505216760E+01
  0.554888120017281E+00 -0.301679543216825E+01
  0.559531508263689E+00 -0.298830280177065E+01
  0.564213753089702E+00 -0.295971424403714E+01
  0.568935179653092E+00 -0.293106606828224E+01
  0.573696115832600E+00 -0.290239353753161E+01
  0.578496892250709E+00 -0.287373059445249E+01
  0.583337842296598E+00 -0.284510958919998E+01
  0.588219302149299E+00 -0.281656101321995E+01
  0.593141610801043E+00 -0.278811324375197E+01
  0.598105110080796E+00 -0.275979230460275E+01
  0.603110144678004E+00 -0.273162164973608E+01
  0.608157062166525E+00 -0.270362197737273E+01
  0.613246213028768E+00 -0.267581108363991E+01
  0.618377950680034E+00 -0.264820376638209E+01
  0.623552631493053E+00 -0.262081179157147E+01
  0.628770614822741E+00 -0.259364393686562E+01
  0.634032263031148E+00 -0.256670612927918E+01
  0.639337941512625E+00 -0.254000169669312E+01
  0.644688018719198E+00 -0.251353175604332E+01
  0.650082866186158E+00 -0.248729576453682E+01
  0.655522858557857E+00 -0.246129225468380E+01
  0.661008373613730E+00 -0.243551953809480E+01
  0.666539792294527E+00 -0.240997593022378E+01
  0.672117498728768E+00 -0.238465975891964E+01
  0.677741880259419E+00 -0.235956936421610E+01
  0.683413327470791E+00 -0.233470309813997E+01
  0.689132234215664E+00 -0.231005932451275E+01
  0.694898997642639E+00 -0.228563641875176E+01
  0.700714018223715E+00 -0.226143276767421E+01
  0.706577699782103E+00 -0.223744676930345E+01
  0.712490449520267E+00 -0.221367683267443E+01
  0.718452678048205E+00 -0.219012137763698E+01
  0.724464799411960E+00 -0.216677883466819E+01
  0.730527231122377E+00 -0.214364764467712E+01
  0.736640394184094E+00 -0.212072625881594E+01
  0.742804713124780E+00 -0.209801313829007E+01
  0.749020616024617E+00 -0.207550675416988E+01
  0.755288534546027E+00 -0.205320558720488E+01
  0.761608903963648E+00 -0.203110812763626E+01
  0.767982163194563E+00 -0.200921287501238E+01
  0.774408754828779E+00 -0.198751833800947E+01
  0.780889125159966E+00 -0.196602303424261E+01
  0.787423724216445E+00 -0.194472549009531E+01
  0.794013005792443E+00 -0.192362424053163E+01
  0.800657427479606E+00 -0.190271782892505E+01
  0.807357450698779E+00 -0.188200480688462E+01
  0.814113540732042E+00 -0.186148373407247E+01
  0.820926166755032E+00 -0.184115317804636E+01
  0.827795801869514E+00 -0.182101171407695E+01
  0.834722923136244E+00 -0.180105792498956E+01
  0.841708011608093E+00 -0.178129040099374E+01
  0.848751552363457E+00 -0.176170773952351E+01
  0.855854034539941E+00 -0.174230854507487E+01
  0.863015951368329E+00 -0.172309142904795E+01
  0.870237800206834E+00 -0.170405500959313E+01
  0.877520082575639E+00 -0.168519791145515E+01
  0.884863304191723E+00 -0.166651876582702E+01
  0.892267975003984E+00 -0.164801621019886E+01
  0.899734609228648E+00 -0.162968888821731E+01
  0.907263725384981E+00 -0.161153544954256E+01
  0.914855846331298E+00 -0.159355454971258E+01
  0.922511499301271E+00 -0.157574485000803E+01
  0.930231215940544E+00 -0.155810501732287E+01
  0.938015532343653E+00 -0.154063372403743E+01
  0.945864989091254E+00 -0.152332964789709E+01
  0.953780131287665E+00 -0.150619147189285E+01
  0.961761508598719E+00 -0.148921788414856E+01
  0.969809675289937E+00 -0.147240757781244E+01
  0.977925190265018E+00 -0.145575925095016E+01
  0.986108617104652E+00 -0.143927160644879E+01
  0.994360524105659E+00 -0.142294335192149E+01
  0.100268148432045E+01 -0.140677319961643E+01
  0.101107207559683E+01 -0.139075986633909E+01
  0.101953288061813E+01 -0.137490207337044E+01
  0.102806448694364E+01 -0.135919854639892E+01
  0.103666748704945E+01 -0.134364801545568E+01
  0.104534247836959E+01 -0.132824921485719E+01
  0.105409006333750E+01 -0.131300088315473E+01
  0.106291084942787E+01 -0.129790176309202E+01
  0.107180544919883E+01 -0.128295060156971E+01
  0.108077448033449E+01 -0.126814614961915E+01
  0.108981856568786E+01 -0.125348716238125E+01
  0.109893833332403E+01 -0.123897239910081E+01
  0.110813441656389E+01 -0.122460062312121E+01
  0.111740745402800E+01 -0.121037060189636E+01
  0.112675808968105E+01 -0.119628110700788E+01
  0.113618697287647E+01 -0.118233091419415E+01
  0.114569475840162E+01 -0.116851880339009E+01
  0.115528210652320E+01 -0.115484355877758E+01
  0.116494968303312E+01 -0.114130396884842E+01
  0.117469815929476E+01 -0.112789882647734E+01
  0.118452821228955E+01 -0.111462692900923E+01
  0.119444052466400E+01 -0.110148707835947E+01
  0.120443578477713E+01 -0.108847808112458E+01
  0.121451468674825E+01 -0.107559874871044E+01
  0.122467793050513E+01 -0.106284789747222E+01
  0.123492622183270E+01 -0.105022434886995E+01
  0.124526027242197E+01 -0.103772692963785E+01
  0.125568079991948E+01 -0.102535447197176E+01
  0.126618852797717E+01 -0.101310581372872E+01
  0.127678418630261E+01 -0.100097979864703E+01
  0.128746851070965E+01 -0.988975276578658E+00
  0.129824224316957E+01 -0.977091103742749E+00
  0.130910613186255E+01 -0.965326142992706E+00
  0.132006093122967E+01 -0.953679264104047E+00
  0.133110740202531E+01 -0.942149344077618E+00
  0.134224631136992E+01 -0.930735267462325E+00
  0.135347843280334E+01 -0.919435926695854E+00
  0.136480454633854E+01 -0.908250222462623E+00
  0.137622543851572E+01 -0.897177064071115E+00
  0.138774190245698E+01 -0.886215369849528E+00
  0.139935473792139E+01 -0.875364067557461E+00
  0.141106475136053E+01 -0.864622094818922E+00
  0.142287275597447E+01 -0.853988399568658E+00
  0.143477957176830E+01 -0.843461940519698E+00
  0.144678602560899E+01 -0.833041687643300E+00
  0.145889295128289E+01 -0.822726622668712E+00
  0.147110118955360E+01 -0.812515739593631E+00
  0.148341158822034E+01 -0.802408045213380E+00
  0.149582500217686E+01 -0.792402559657968E+00
  0.150834229347078E+01 -0.782498316944978E+00
  0.152096433136347E+01 -0.772694365540265E+00
  0.153369199239042E+01 -0.762989768926969E+00
  0.154652616042209E+01 -0.753383606183437E+00
  0.155946772672530E+01 -0.743874972562719E+00
  0.157251759002514E+01 -0.734462980077275E+00
  0.158567665656736E+01 -0.725146758081964E+00
  0.159894584018131E+01 -0.715925453855546E+00
  0.161232606234341E+01 -0.706798233176059E+00
  0.162581825224113E+01 -0.697764280888657E+00
  0.163942334683753E+01 -0.688822801461021E+00
  0.165314229093631E+01 -0.679973019524635E+00
  0.166697603724743E+01 -0.671214180396936E+00
  0.168092554645329E+01 -0.662545550581224E+00
  0.169499178727539E+01 -0.653966418240833E+00
  0.170917573654169E+01 -0.645476093641796E+00
  0.172347837925434E+01 -0.637073909562495E+00
  0.173790070865819E+01 -0.628759221662565E+00
  0.175244372630967E+01 -0.620531408810228E+00
  0.176710844214641E+01 -0.612389873359939E+00
  0.178189587455736E+01 -0.604334041379161E+00
  0.179680705045348E+01 -0.596363362816931E+00
  0.181184300533909E+01 -0.588477311611363E+00
  0.182700478338376E+01 -0.580675385731138E+00
  0.184229343749485E+01 -0.572957107146190E+00
  0.185771002939059E+01 -0.565322021723928E+00
  0.187325562967383E+01 -0.557769699046618E+00
  0.188893131790640E+01 -0.550299732145927E+00
  0.190473818268405E+01 -0.542911737151385E+00
  0.192067732171209E+01 -0.535605352849230E+00
  0.193674984188157E+01 -0.528380240148578E+00
  0.195295685934618E+01 -0.521236081452807E+00
  0.196929949959977E+01 -0.514172579933505E+00
  0.198577889755447E+01 -0.507189458705698E+00
  0.200239619761954E+01 -0.500286459903113E+00
  0.201915255378083E+01 -0.493463343652813E+00
  0.203604912968093E+01 -0.486719886955162E+00
  0.205308709869994E+01 -0.480055882450726E+00
  0.207026764403700E+01 -0.473471135887361E+00
  0.208759195879246E+01 -0.466965469205900E+00
  0.210506124605067E+01 -0.460538712793268E+00
  0.212267671896362E+01 -0.454190707727808E+00
  0.214043960083512E+01 -0.447921302934475E+00
  0.215835112520575E+01 -0.441730353810489E+00
  0.217641253593859E+01 -0.435617720178066E+00
  0.219462508730552E+01 -0.429583264378298E+00
  0.221299004407437E+01 -0.423626849277731E+00
  0.223150868159675E+01 -0.417748336217615E+00
  0.225018228589659E+01 -0.411947582911398E+00
  0.226901215375948E+01 -0.406224441300284E+00
  0.228799959282268E+01 -0.400578755373173E+00
  0.230714592166600E+01 -0.395010358962405E+00
  0.232645246990329E+01 -0.389519073521811E+00
  0.234592057827483E+01 -0.384104705899828E+00
  0.236555159874042E+01 -0.378767046114228E+00
  0.238534689457325E+01 -0.373505865141771E+00
  0.240530784045460E+01 -0.368320912729946E+00
  0.242543582256929E+01 -0.363211915244291E+00
  0.244573223870194E+01 -0.358178573557966E+00
  0.246619849833406E+01 -0.353220560998201E+00
  0.248683602274190E+01 -0.348337521354987E+00
  0.250764624509516E+01 -0.343529066967506E+00
  0.252863061055655E+01 -0.338794776892205E+00
  0.254979057638210E+01 -0.334134195168892E+00
  0.257112761202238E+01 -0.329546829187189E+00
  0.259264319922455E+01 -0.325032148169554E+00
  0.261433883213527E+01 -0.320589581772613E+00
  0.263621601740441E+01 -0.316218518822589E+00
  0.265827627428976E+01 -0.311918306184665E+00
  0.268052113476247E+01 -0.307688247782591E+00
  0.270295214361344E+01 -0.303527603766977E+00
  0.272557085856064E+01 -0.299435589846969E+00
  0.274837885035726E+01 -0.295411376784140E+00
  0.277137770290077E+01 -0.291454090061122E+00
  0.279456901334297E+01 -0.287562809723388E+00
  0.281795439220084E+01 -0.283736570405641E+00
  0.284153546346842E+01 -0.279974361540001E+00
  0.286531386472958E+01 -0.276275127756259E+00
  0.288929124727175E+01 -0.272637769470537E+00
  0.291346927620056E+01 -0.269061143671420E+00
  0.293784963055553E+01 -0.265544064898414E+00
  0.296243400342661E+01 -0.262085306420907E+00
  0.298722410207180E+01 -0.258683601610603E+00
  0.301222164803569E+01 -0.255337645515586E+00
  0.303742837726902E+01 -0.252046096625575E+00
  0.306284604024923E+01 -0.248807578836748E+00
  0.308847640210201E+01 -0.245620683603414E+00
  0.311432124272391E+01 -0.242483972283240E+00
  0.314038235690591E+01 -0.239395978661590E+00
  0.316666155445808E+01 -0.236355211659859E+00
  0.319316066033525E+01 -0.233360158211908E+00
  0.321988151476377E+01 -0.230409286310257E+00
  0.324682597336926E+01 -0.227501048205219E+00
  0.327399590730551E+01 -0.224633883756148E+00
  0.330139320338440E+01 -0.221806223914620E+00
  0.332901976420695E+01 -0.219016494338316E+00
  0.335687750829543E+01 -0.216263119111105E+00
  0.338496837022660E+01 -0.213544524566653E+00
  0.341329430076605E+01 -0.210859143188825E+00
  0.344185726700368E+01 -0.208205417582916E+00
  0.347065925249027E+01 -0.205581804489291E+00
  0.349970225737529E+01 -0.202986778831227E+00
  0.352898829854575E+01 -0.200418837765952E+00
  0.355851940976629E+01 -0.197876504729206E+00
  0.358829764182036E+01 -0.195358333440151E+00
  0.361832506265274E+01 -0.192862911856057E+00
  0.364860375751304E+01 -0.190388866041724E+00
  0.367913582910057E+01 -0.187934863942894E+00
  0.370992339771036E+01 -0.185499619027506E+00
  0.374096860138037E+01 -0.183081893784947E+00
  0.377227359604000E+01 -0.180680503046387E+00
  0.380384055565979E+01 -0.178294317118377E+00
  0.383567167240241E+01 -0.175922264693421E+00
  0.386776915677487E+01 -0.173563335532008E+00
  0.390013523778203E+01 -0.171216582882012E+00
  0.393277216308142E+01 -0.168881125632919E+00
  0.396568219913929E+01 -0.166556150173992E+00
  0.399886763138806E+01 -0.164240911958140E+00
  0.403233076438494E+01 -0.161934736744069E+00
  0.406607392197209E+01 -0.159637021523838E+00
  0.410009944743788E+01 -0.157347235112714E+00
  0.413440970367971E+01 -0.155064918414163E+00
  0.416900707336805E+01 -0.152789684341700E+00
  0.420389395911192E+01 -0.150521217416373E+00
  0.423907278362573E+01 -0.148259273026732E+00
  0.427454598989756E+01 -0.146003676375885E+00
  0.431031604135875E+01 -0.143754321107533E+00
  0.434638542205504E+01 -0.141511167640985E+00
  0.438275663681903E+01 -0.139274241211731E+00
  0.441943221144413E+01 -0.137043629652491E+00
  0.445641469285999E+01 -0.134819480914975E+00
  0.449370664930934E+01 -0.132602000371524E+00
  0.453131067052638E+01 -0.130391447899732E+00
  0.456922936791657E+01 -0.128188134792176E+00
  0.460746537473804E+01 -0.125992420496266E+00
  0.464602134628439E+01 -0.123804709228246E+00
  0.468489996006914E+01 -0.121625446467014E+00
  0.472410391601166E+01 -0.119455115372661E+00
  0.476363593662465E+01 -0.117294233134843E+00
  0.480349876720319E+01 -0.115143347295737E+00
  0.484369517601543E+01 -0.113003032051117E+00
  0.488422795449480E+01 -0.110873884573160E+00
  0.492509991743388E+01 -0.108756521356093E+00
  0.496631390317985E+01 -0.106651574626358E+00
  0.500787277383162E+01 -0.104559688815307E+00
  0.504977941543857E+01 -0.102481517133553E+00
  0.509203673820100E+01 -0.100417718241478E+00
  0.513464767667218E+01 -0.983689530520698E-01
  0.517761518996218E+01 -0.963358816567862E-01
  0.522094226194338E+01 -0.943191604075617E-01
  0.526463190145761E+01 -0.923194391417847E-01
  0.530868714252519E+01 -0.903373585802499E-01
  0.535311104455556E+01 -0.883735478812684E-01
  0.539790669255976E+01 -0.864286223779419E-01
  0.544307719736470E+01 -0.845031814783821E-01
  0.548862569582913E+01 -0.825978067532298E-01
  0.553455535106153E+01 -0.807130601871555E-01
  0.558086935263976E+01 -0.788494826164819E-01
  0.562757091683252E+01 -0.770075923268900E-01
  0.567466328682278E+01 -0.751878838315491E-01
  0.572214973293293E+01 -0.733908268014346E-01
  0.577003355285191E+01 -0.716168651667525E-01
  0.581831807186425E+01 -0.698664163595006E-01
  0.586700664308095E+01 -0.681398707151345E-01
  0.591610264767236E+01 -0.664375910020363E-01
  0.596560949510296E+01 -0.647599120962028E-01
  0.601553062336817E+01 -0.631071407689431E-01
  0.606586949923307E+01 -0.614795556047924E-01
  0.611662961847317E+01 -0.598774070168701E-01
  0.616781450611713E+01 -0.583009173769937E-01
  0.621942771669162E+01 -0.567502812275117E-01
  0.627147283446811E+01 -0.552256655925122E-01
  0.632395347371181E+01 -0.537272103553512E-01
  0.637687327893264E+01 -0.522550287207050E-01
  0.643023592513835E+01 -0.508092077282411E-01
  0.648404511808970E+01 -0.493898088368170E-01
  0.653830459455783E+01 -0.479968685465836E-01
  0.659301812258374E+01 -0.466303990787026E-01
  0.664818950173998E+01 -0.452903890804311E-01
  0.670382256339449E+01 -0.439768043761396E-01
  0.675992117097669E+01 -0.426895887324456E-01
  0.681648922024577E+01 -0.414286646589104E-01
  0.687353063956121E+01 -0.401939342129316E-01
  0.693104939015560E+01 -0.389852798311600E-01
  0.698904946640976E+01 -0.378025651565164E-01
  0.704753489613005E+01 -0.366456358839976E-01
  0.710650974082816E+01 -0.355143205947668E-01
  0.716597809600312E+01 -0.344084316025412E-01
  0.722594409142570E+01 -0.333277657821536E-01
  0.728641189142526E+01 -0.322721054050755E-01
  0.734738569517885E+01 -0.312412189521181E-01
  0.740886973700293E+01 -0.302348619288137E-01
  0.747086828664732E+01 -0.292527776539866E-01
  0.753338564959177E+01 -0.282946980476696E-01
  0.759642616734495E+01 -0.273603443891182E-01
  0.765999421774593E+01 -0.264494280716713E-01
  0.772409421526819E+01 -0.255616513253998E-01
  0.778873061132622E+01 -0.246967079348290E-01
  0.785390789458460E+01 -0.238542839228152E-01
  0.791963059126975E+01 -0.230340582283415E-01
  0.798590326548425E+01 -0.222357033494072E-01
  0.805273051952377E+01 -0.214588859792013E-01
  0.812011699419670E+01 -0.207032676067901E-01
  0.818806736914641E+01 -0.199685051108796E-01
  0.825658636317626E+01 -0.192542513179044E-01
  0.832567873457725E+01 -0.185601555533343E-01
  0.839534928145850E+01 -0.178858641574303E-01
  0.846560284208043E+01 -0.172310209946376E-01
  0.853644429519075E+01 -0.165952679277995E-01
  0.860787856036330E+01 -0.159782452866390E-01
  0.867991059833964E+01 -0.153795923016201E-01
  0.875254541137358E+01 -0.147989475328690E-01
  0.882578804357854E+01 -0.142359492651699E-01
  0.889964358127787E+01 -0.136902358989248E-01
  0.897411715335804E+01 -0.131614463079810E-01
  0.904921393162480E+01 -0.126492201944002E-01
  0.912493913116239E+01 -0.121531984109486E-01
  0.920129801069564E+01 -0.116730232815518E-01
  0.927829587295522E+01 -0.112083388903545E-01
  0.935593806504584E+01 -0.107587913697876E-01
  0.943422997881759E+01 -0.103240291581341E-01
  0.951317705124040E+01 -0.990370325714231E-02
  0.959278476478157E+01 -0.949746746002613E-02
  0.967305864778654E+01 -0.910497858053439E-02
  0.975400427486278E+01 -0.872589665327524E-02
  0.983562726726692E+01 -0.835988513610384E-02
  0.991793329329512E+01 -0.800661108460258E-02
  0.100009280686767E+02 -0.766574532958215E-02
  0.100846173569711E+02 -0.733696262747708E-02
  0.101690069699681E+02 -0.701994181467849E-02
  0.102541027680914E+02 -0.671436593552039E-02
  0.103399106608056E+02 -0.641992237507782E-02
  0.104264366070266E+02 -0.613630296633448E-02
  0.105136866155355E+02 -0.586320410298856E-02
  0.106016667453957E+02 -0.560032682730486E-02
  0.106903831063738E+02 -0.534737692438416E-02
  0.107798418593639E+02 -0.510406499211107E-02
  0.108700492168153E+02 -0.487010651825784E-02
  0.109610114431640E+02 -0.464522193385564E-02
  0.110527348552680E+02 -0.442913667441742E-02
  0.111452258228454E+02 -0.422158121798097E-02
  0.112384907689173E+02 -0.402229113165694E-02
  0.113325361702536E+02 -0.383100709551461E-02
  0.114273685578227E+02 -0.364747493558884E-02
  0.115229945172452E+02 -0.347144563470860E-02
  0.116194206892511E+02 -0.330267535302829E-02
  0.117166537701411E+02 -0.314092542683368E-02
  0.118147005122516E+02 -0.298596237760293E-02
  0.119135677244235E+02 -0.283755789976375E-02
  0.120132622724752E+02 -0.269548885923129E-02
  0.121137910796793E+02 -0.255953727103876E-02
  0.122151611272432E+02 -0.242949028824783E-02
  0.123173794547945E+02 -0.230514017032476E-02
  0.124204531608691E+02 -0.218628426327214E-02
  0.125243894034047E+02 -0.207272495957985E-02
  0.126291954002377E+02 -0.196426967038334E-02
  0.127348784296045E+02 -0.186073077777769E-02
  0.128414458306468E+02 -0.176192559977175E-02
  0.129489050039213E+02 -0.166767633571544E-02
  0.130572634119139E+02 -0.157781002478213E-02
  0.131665285795575E+02 -0.149215848522746E-02
  0.132767080947550E+02 -0.141055826709985E-02
  0.133878096089057E+02 -0.133285058601658E-02
  0.134998408374374E+02 -0.125888127077321E-02
  0.136128095603413E+02 -0.118850069229292E-02
  0.137267236227133E+02 -0.112156370677554E-02
  0.138415909352977E+02 -0.105792958045008E-02
  0.139574194750375E+02 -0.997461928876045E-03
  0.140742172856278E+02 -0.940028638101227E-03
  0.141919924780746E+02 -0.885501800703766E-03
  0.143107532312581E+02 -0.833757633929219E-03
  0.144305077925004E+02 -0.784676413035214E-03
  0.145512644781388E+02 -0.738142386958077E-03
  0.146730316741027E+02 -0.694043709494886E-03
  0.147958178364963E+02 -0.652272353023991E-03
  0.149196314921858E+02 -0.612724038034340E-03
  0.150444812393914E+02 -0.575298145397489E-03
  0.151703757482847E+02 -0.539897644728608E-03
  0.152973237615905E+02 -0.506429005681048E-03
  0.154253340951941E+02 -0.474802125597981E-03
  0.155544156387534E+02 -0.444930240272157E-03
  0.156845773563164E+02 -0.416729851321233E-03
  0.158158282869435E+02 -0.390120636825280E-03
  0.159481775453355E+02 -0.365025378843831E-03
  0.160816343224663E+02 -0.341369874287205E-03
  0.162162078862212E+02 -0.319082863158188E-03
  0.163519075820407E+02 -0.298095939205693E-03
  0.164887428335693E+02 -0.278343481495124E-03
  0.166267231433101E+02 -0.259762555246237E-03
  0.167658580932844E+02 -0.242292886714371E-03
  0.169061573456974E+02 -0.225876633539125E-03
  0.170476306436093E+02 -0.210458865788181E-03
  0.171902878116113E+02 -0.195985341843583E-03
  0.173341387565087E+02 -0.182409811465160E-03
  0.174791934680082E+02 -0.169679699494390E-03
  0.176254620194119E+02 -0.157748243765872E-03
  0.177729545683169E+02 -0.146572631356378E-03
  0.179216813573206E+02 -0.136111215767175E-03
  0.180716527147320E+02 -0.126324042861404E-03
  0.182228790552890E+02 -0.117172883621152E-03
  0.183753708808816E+02 -0.108621328526185E-03
  0.185291387812811E+02 -0.100634729496019E-03
  0.186841934348758E+02 -0.931801260095381E-04
  0.188405456094122E+02 -0.862261898562432E-04
  0.189982061627431E+02 -0.797431540938876E-04
  0.191571860435814E+02 -0.737027606157301E-04
  0.193174962922605E+02 -0.680781919365495E-04
  0.194791480415009E+02 -0.628440216590799E-04
  0.196421525171836E+02 -0.579761491491576E-04
  0.198065210391293E+02 -0.534517529471114E-04
  0.199722650218847E+02 -0.492492283652483E-04
  0.201393959755153E+02 -0.453481438657258E-04
  0.203079255064044E+02 -0.417291815957096E-04
  0.204778653180595E+02 -0.383740967338952E-04
  0.206492272119247E+02 -0.352656609574814E-04
  0.208220230882002E+02 -0.323876247427109E-04
  0.209962649466692E+02 -0.297246637390790E-04
  0.211719648875309E+02 -0.272623439920746E-04
  0.213491351122404E+02 -0.249870711831886E-04
  0.215277879243570E+02 -0.228860587271578E-04
  0.217079357303977E+02 -0.209472798231562E-04
  0.218895910406991E+02 -0.191594383620527E-04
  0.220727664702865E+02 -0.175119237206059E-04
  0.222574747397492E+02 -0.159947844032533E-04
  0.224437286761249E+02 -0.145986854979069E-04
  0.226315412137893E+02 -0.133148849653791E-04
  0.228209253953554E+02 -0.121351936647613E-04
  0.230118943725786E+02 -0.110519541953729E-04
  0.232044614072700E+02 -0.100580033891834E-04
  0.233986398722179E+02 -0.914665360165974E-05
  0.235944432521158E+02 -0.831165756397811E-05
  0.237918851444995E+02 -0.754719200921810E-05
  0.239909792606908E+02 -0.684782477272264E-05
  0.241917394267499E+02 -0.620850063705626E-05
  0.243941795844359E+02 -0.562451056101675E-05
  0.245983137921742E+02 -0.509147962400260E-05
  0.248041562260337E+02 -0.460533826279435E-05
  0.250117211807104E+02 -0.416231219316002E-05
  0.252210230705208E+02 -0.375889553055288E-05
  0.254320764304025E+02 -0.339184256578796E-05
  0.256448959169235E+02 -0.305814264821165E-05
  0.258594963093005E+02 -0.275501368942153E-05
  0.260758925104246E+02 -0.247987868782737E-05
  0.262940995478969E+02 -0.223036083841056E-05
  0.265141325750714E+02 -0.200426157828749E-05
  0.267360068721081E+02 -0.179955718144756E-05
  0.269597378470332E+02 -0.161437820728103E-05
  0.271853410368101E+02 -0.144700746466256E-05
  0.274128321084174E+02 -0.129586074774576E-05
  0.276422268599379E+02 -0.115948605651238E-05
  0.278735412216546E+02 -0.103654550935783E-05
  0.281067912571580E+02 -0.925815711362844E-06
  0.283419931644608E+02 -0.826170737839453E-06
  0.285791632771234E+02 -0.736583546441183E-06
  0.288183180653879E+02 -0.656109931110876E-06
  0.290594741373217E+02 -0.583890879530026E-06
  0.293026482399711E+02 -0.519137402091474E-06
  0.295478572605245E+02 -0.461133742137554E-06
  0.297951182274845E+02 -0.409222990242680E-06
  0.300444483118510E+02 -0.362811060287255E-06
  0.302958648283133E+02 -0.321353005551538E-06
  0.305493852364529E+02 -0.284357679553441E-06
  0.308050271419554E+02 -0.251374676220227E-06
  0.310628082978339E+02 -0.221999600443931E-06
  0.313227466056609E+02 -0.195861560772981E-06
  0.315848601168124E+02 -0.172628980383586E-06
  0.318491670337208E+02 -0.151997576437231E-06
  0.321156857111393E+02 -0.133696648328712E-06
  0.323844346574167E+02 -0.117477483448163E-06
  0.326554325357821E+02 -0.103120065023004E-06
  0.329286981656415E+02 -0.904218497687155E-07
  0.332042505238847E+02 -0.792048430640419E-07
  0.334821087462027E+02 -0.693046992259658E-07
  0.337622921284173E+02 -0.605781168773019E-07
  0.340448201278202E+02 -0.528922176567285E-07
  0.343297123645249E+02 -0.461322196285551E-07
  0.346169886228291E+02 -0.401910548481050E-07
  0.349066688525884E+02 -0.349772832682614E-07
  0.351987731706018E+02 -0.304049140530414E-07
  0.354933218620088E+02 -0.264015267129118E-07
  0.357903353816980E+02 -0.228982651685761E-07
  0.360898343557277E+02 -0.198381366583963E-07
  0.363918395827579E+02 -0.171661514562690E-07
  0.366963720354955E+02 -0.148377737796650E-07
  0.370034528621496E+02 -0.128091833445333E-07
  0.373131033879011E+02 -0.110458558430858E-07
  0.376253451163833E+02 -0.951292573329680E-08
  0.379401997311749E+02 -0.818387683329916E-08
  0.382576890973063E+02 -0.703098843591101E-08
  0.385778352627778E+02 -0.603411922378385E-08
  0.389006604600905E+02 -0.517122154000250E-08
  0.392261871077908E+02 -0.442720408743057E-08
  0.395544378120266E+02 -0.378450134692900E-08
  0.398854353681176E+02 -0.323200279504848E-08
  0.402192027621383E+02 -0.275566628656551E-08
  0.405557631725140E+02 -0.234750347280938E-08
  0.408951399716308E+02 -0.199622777104378E-08
  0.412373567274583E+02 -0.169628705553881E-08
  0.415824372051864E+02 -0.143853858086655E-08
  0.419304053688760E+02 -0.121932149815171E-08
  0.422812853831227E+02 -0.103115205072752E-08
  0.426351016147352E+02 -0.871829873041000E-09
  0.429918786344273E+02 -0.735148122567553E-09
  0.433516412185243E+02 -0.620028281973970E-09
  0.437144143506835E+02 -0.521240884231281E-09
  0.440802232236295E+02 -0.438564514499923E-09
  0.444490932409030E+02 -0.367513603463847E-09
  0.448210500186259E+02 -0.577140755278429E-12
  0.451961193872794E+02  0.000000000000000E+00
  0.455743273934981E+02 -0.577602409793689E-12
  0.459557003018789E+02  0.000000000000000E+00
  0.463402645968048E+02 -0.578056436254278E-12
  0.467280469842842E+02  0.000000000000000E+00
  0.471190743938055E+02 -0.578502955137798E-12
  0.475133739802069E+02  0.000000000000000E+00
  0.479109731255626E+02 -0.578942096621067E-12
  0.483118994410842E+02  0.000000000000000E+00
  0.487161807690381E+02 -0.579373978879678E-12
  0.491238451846789E+02  0.000000000000000E+00
  0.495349209981993E+02 -0.579798721313814E-12
  0.499494367566961E+02  0.000000000000000E+00
  0.503674212461524E+02 -0.580216443577596E-12
  0.507889034934368E+02  0.000000000000000E+00
  0.512139127683192E+02 -0.580627262565180E-12
  0.516424785855034E+02  0.000000000000000E+00
  0.520746307066768E+02 -0.581031291759003E-12
  0.525103991425768E+02  0.000000000000000E+00
  0.529498141550757E+02 -0.581428642683779E-12
  0.533929062592814E+02  0.000000000000000E+00
  0.538397062256570E+02 -0.581819426212617E-12
  0.542902450821576E+02  0.000000000000000E+00
  0.547445541163847E+02 -0.582203749773253E-12
  0.552026648777594E+02  0.000000000000000E+00
  0.556646091797132E+02 -0.582581720659892E-12
  0.561304191018971E+02  0.000000000000000E+00
  0.566001269924095E+02 -0.582953445182266E-12
  0.570737654700428E+02  0.000000000000000E+00
  0.575513674265483E+02 -0.583319024114729E-12
  0.580329660289203E+02  0.000000000000000E+00
  0.585185947217000E+02 -0.583678561552726E-12
  0.590082872292970E+02  0.000000000000000E+00
  0.595020775583326E+02 -0.584032156497319E-12
  0.600000000000000E+02  0.000000000000000E+00
